"diet" "sugar" "energy"
"1" 45 -3.92136814231879 -2.0005395340243
"2" 194 2.06433592348303 -0.161132423648965
"3" 124 -1.12069580198725 -1.84480369410382
"4" 112 1.34470101903213 1.14995727932922
"5" 38 1.00725659914779 1.44791729106737
"6" 33 -0.164502342788619 5.66936355886149
"7" 17 -1.66638698089272 -0.222347749958232
"8" 114 1.15541849552306 3.47018888092525
"9" 138 -1.52618890246793 0.312767893611981
"10" 90 -0.0887810622342439 0.56369068375367
"11" 144 1.28494299484551 2.0392602311037
"12" 162 1.61205130110142 -0.797526451444556
"13" 131 0.284305763336889 -0.963003840964822
"14" 22 -0.690952237097519 -4.28012639261262
"15" 195 2.01636763250766 -0.189081723328621
"16" 9 -1.59823690848419 2.58277907596075
"17" 163 2.35152515338032 -1.51524108607269
"18" 88 -2.23686827813435 -0.0594676493712687
"19" 24 -0.284463616764188 -2.88559264031396
"20" 135 1.78005638234267 -2.1058306928446
"21" 51 0.227235191428141 -1.13785936850792
"22" 146 -2.79700022568028 -3.9030800840237
"23" 124 -0.285795038390042 2.6468984294263
"24" 76 -3.04243907629872 -3.61032222303604
"25" 168 -1.87331206376903 0.244479399366001
"26" 52 0.561403512158829 0.971881518971028
"27" 97 -1.71054470617464 -0.553894664983225
"28" 43 -0.866528714823663 0.0362907439998427
"29" 100 1.61636353964544 -4.51951917403002
"30" 65 -1.09385832587929 3.31103840262852
"31" 69 -2.006880325559 -2.11208484219358
"32" 120 -0.29543685858688 0.221453389519709
"33" 99 -1.61429205387887 -5.1260354307133
"34" 190 -0.85412048271088 -0.707828603191618
"35" 100 1.11119442851353 -6.39988237288995
"36" 137 2.22713339994806 -1.92199391920378
"37" 58 -2.72059154502715 -4.17675697413477
"38" 143 1.37076592928311 3.20968395160292
"39" 85 1.25370228248526 1.47515198395102
"40" 21 -0.580537266133836 -0.693547201874633
"41" 179 -4.06911012144393 -5.52740738238352
"42" 124 0.690815401510471 1.64122212700902
"43" 105 0.826019846089508 -1.62528227732495
"44" 21 -0.881287400149116 1.95924321425608
"45" 104 2.81465853187052 0.0275262026114236
"46" 127 1.01007512798566 5.40877738898025
"47" 123 2.48139091116657 -3.0676400298853
"48" 198 0.336257500760359 -1.44707157335122
"49" 102 -2.10415154117843 -5.71690344273498
"50" 167 -1.26435868207841 1.32051839534212
"51" 77 -0.545122040963265 -1.2708678800937
"52" 70 -1.12301254715172 -2.34110233126779
"53" 78 0.146120071928696 0.504303193172341
"54" 52 2.54638675295166 -0.160315654378771
"55" 179 -1.09288986923093 -1.31881879677323
"56" 81 -0.891702064201375 -4.5707502726154
"57" 57 -0.274180858303746 -1.06436691795518
"58" 110 0.95886328690449 0.581808723689685
"59" 128 1.9665389016742 -0.609140237685838
"60" 61 1.17191410750538 -0.914016917193505
"61" 111 -3.02722028495593 -0.949460306024681
"62" 93 -1.3037298489467 -0.0538493896037707
"63" 38 -0.0920797586685313 -0.216105830945491
"64" 197 1.4872038177694 4.43857186991887
"65" 107 -0.399614585320216 1.31205975577845
"66" 8 -2.61898027985882 0.413818767794615
"67" 91 -1.47360083242351 0.454110236693988
"68" 137 -0.0046629713672202 -2.78861928447931
"69" 123 0.482337598441965 2.71872602454143
"70" 150 1.37493936855186 -1.3791490548046
"71" 158 -1.7657383808912 -1.11681357114091
"72" 64 1.34768161662354 3.06201604400086
"73" 98 -0.698079250166282 -0.408438416964895
"74" 38 1.63849976597722 0.558334000330688
"75" 26 -0.67736303458075 2.56117620060997
"76" 90 1.83450842781894 -0.442792500058152
"77" 87 -0.371358570751305 -0.213213660832426
"78" 122 0.565035152898213 1.13691353553569
"79" 79 0.759799482506587 -3.2528137583722
"80" 120 -1.19431697734615 0.293053822171864
"81" 80 0.547392586916245 -0.911592587406753
"82" 86 4.73279977352 0.218714081304824
"83" 148 0.338085929616357 -0.0751543684384643
"84" 138 2.50778822083334 -2.67092042085388
"85" 34 2.57212649375911 5.69805669235554
"86" 116 -4.14679673529794 -1.77030727248489
"87" 167 0.816457554459179 3.70958436845236
"88" 199 2.19919242797263 5.07123654452291
"89" 114 0.0906526630704678 1.56386705740096
"90" 128 0.58731879324879 -0.745175427237956
"91" 32 0.510306797204869 -2.71566093323258
"92" 80 0.571475726559965 -0.239664309639817
"93" 198 2.10898097035309 1.09969671750417
"94" 98 -2.78372551248383 -5.422028507313
"95" 90 -0.830209842652327 0.0808935066269669
"96" 1 -3.21432628131223 -1.58157534792776
"97" 72 -0.999697821688347 -0.22181771987135
"98" 32 2.83178299094527 2.10544232904319
"99" 97 -3.75532168633349 -2.55392598819607
"100" 18 0.540917892639408 2.60643670194601
"101" 97 1.15313404092053 3.102448005198
"102" 171 -2.99038383467115 -1.00565289874064
"103" 157 -0.57572389654873 -1.36630320262333
"104" 145 -2.49052036399595 -4.02997095820788
"105" 79 2.72098426790332 2.35234832776697
"106" 26 -0.305797152081035 2.88618456769905
"107" 140 1.89069631293935 2.85723980844526
"108" 61 0.278601723397686 0.230728630071269
"109" 162 -1.47505776795742 -0.938116196037996
"110" 143 1.12949705074671 0.926863366146218
"111" 152 -3.14015114251037 0.597349258337613
"112" 99 -0.785419520453073 0.67011515220809
"113" 53 0.132157255668354 -0.681697875980156
"114" 27 1.40170846218483 0.861856816685254
"115" 4 -0.151472924557276 -4.69318194415277
"116" 108 2.6691971911622 4.22244642184583
"117" 171 -1.42650478773553 -0.248992448855234
"118" 4 -1.21784749851911 -0.338609517570962
"119" 48 -1.10349875786936 6.94469495671756
"120" 54 -3.61575912431235 -2.2190141974311
"121" 75 -0.185627608565621 1.66731543760848
"122" 151 -0.609988020839637 -1.60608965517031
"123" 15 -0.0917655803293311 -3.53568462492129
"124" 165 1.49447014031723 0.255193621164831
"125" 44 0.841837943395818 1.77635564523089
"126" 188 -1.00613148958376 1.13755372714958
"127" 148 -0.989505145325374 -1.56807568803232
"128" 120 4.25058679946835 1.66339019254338
"129" 42 0.490660409802795 1.03075697871594
"130" 163 0.172598990283229 3.32115726531707
"131" 167 -0.784228539857758 0.845247926462778
"132" 173 1.32633969132415 1.50986750679343
"133" 43 1.66008604550803 -2.58409520292876
"134" 25 -1.20193678543861 2.67766147487216
"135" 121 0.502882419812545 1.34842404836691
"136" 181 -0.608354684953846 -1.6914435147818
"137" 45 0.541814265145221 0.374264374777823
"138" 193 0.29870121254797 -4.01851697518424
"139" 67 1.07733063108239 0.231981309264685
"140" 123 1.15154703715221 2.59962894950895
"141" 115 0.962281284530531 1.50034943395515
"142" 198 0.923208167441704 2.03520330782988
"143" 94 -0.580385139696406 2.55265317451064
"144" 68 1.25597324921674 -0.102342502261793
"145" 124 -2.72366474111376 -0.617271845180433
"146" 155 0.445081355576293 0.160721890266877
"147" 83 5.09406899926593 3.77133085707905
"148" 189 -0.917909180367228 2.14728647830487
"149" 94 -1.66232439426319 -1.88792517516423
"150" 118 2.23225625819601 -1.50845039922945
"151" 145 0.378296068482073 -3.88880757246998
"152" 194 -0.84668275435605 -0.381605295749257
"153" 191 -1.34531726331685 -4.0249545210319
"154" 35 -3.55362147550446 -3.77857465759423
"155" 200 -3.44142720711977 -2.93937735419927
"156" 97 -4.18384371790814 3.92301314844741
"157" 161 3.61736295099786 2.07330988255357
"158" 20 -1.60801201045205 -4.22508908788181
"159" 156 -3.10200101489076 -3.9278642551046
"160" 9 -1.02734832002104 1.41950120329857
"161" 149 0.34136737035115 0.465681196798439
"162" 45 -2.13842735922808 -1.18521239822103
"163" 195 2.09854845198837 3.02327737102485
"164" 3 0.155320089062337 3.49654470969885
"165" 15 2.26810143548944 1.75091533307145
"166" 22 -2.41662903641336 -1.73073081984103
"167" 150 1.49486663265125 -1.16215103594796
"168" 94 -0.816240520662008 -1.33187438442807
"169" 38 -1.86053667152135 -1.5554234974188
"170" 28 0.165677864751586 -4.27594330805694
"171" 173 -1.95127846498046 -1.14057250085123
"172" 62 0.756244248885245 -0.226951984089161
"173" 53 4.272495078818 2.14846186845041
"174" 118 1.54003153476984 0.738275607887409
"175" 89 1.41061403854768 0.335089867717011
"176" 175 1.74248382029307 -1.13577388522146
"177" 144 1.08573058732433 2.5666009800898
"178" 166 3.04115410624525 -2.31771577155143
"179" 45 0.0723989030094015 -0.0454307348448757
"180" 176 1.38014832326544 1.24965521525307
"181" 193 3.68917701122885 -3.47158901014237
"182" 137 3.38539080619816 1.08827380992374
"183" 24 -2.60923306464138 -1.07172531695448
"184" 61 -0.342453175638804 0.467622578549991
"185" 106 1.83013891002426 -0.696617518337395
"186" 7 2.76515699359123 0.724582844117913
"187" 60 2.1834202093443 -1.25003678981942
"188" 61 0.146185800400514 2.92295162529891
"189" 171 -1.52590073377992 -0.545869692714176
"190" 61 -2.45730581936714 -2.77060031639361
"191" 177 -0.502973994081355 -1.75128124664909
"192" 149 0.487993613393811 1.56103636714208
"193" 122 1.1346518386916 -0.288183718471294
"194" 199 -3.50988811150365 -0.973490369013697
"195" 21 -0.633830251173458 4.42794534002526
"196" 54 -2.08181720469334 0.456765728538255
"197" 4 -0.736485078620489 -3.41019952725084
"198" 199 3.96096046802282 1.78092551678725
"199" 73 2.47352232669343 3.57708625889972
"200" 188 2.14238967397053 1.53172930059154
"201" 160 2.01606339037849 5.37875025307546
"202" 53 0.471869189984735 -1.88500021856124
"203" 94 1.10299457507555 0.992552446520401
"204" 15 -2.0144642352509 -0.798332307388355
"205" 35 -1.99499392262682 -0.756754713846007
"206" 86 2.35455806104392 -0.447350313985068
"207" 1 1.54801419911715 4.56841078706145
"208" 170 -1.1075713576672 0.755968670058951
"209" 67 -0.726306013612349 -0.278916730060571
"210" 143 -0.322950032912528 -2.54742925229733
"211" 161 -2.3649904863825 0.514086365527368
"212" 176 -2.17689605743641 -0.638972708368448
"213" 25 -1.69125372353284 0.503234184062635
"214" 130 -1.88787921846582 -2.52256627363499
"215" 176 -2.64551594451993 0.0801291498821284
"216" 108 -0.273508186209318 3.46034368091065
"217" 2 -1.49064199569221 0.582113949463867
"218" 199 1.0346445815427 6.0118331853332
"219" 80 3.33501250716569 9.42380253241946
"220" 14 1.87163975555778 2.91748286619917
"221" 120 1.48583441255533 0.970171422632319
"222" 80 -0.977348668129978 2.44311757415889
"223" 50 1.79940864535884 0.829067152797308
"224" 79 0.807893062539977 -4.37397957186742
"225" 192 0.456424018027947 -2.95521451978817
"226" 17 2.5643607499346 0.645647320972673
"227" 156 -1.83019911820268 -1.85426815351375
"228" 19 0.880226600584868 -1.47940504500812
"229" 197 -4.48773619376114 -1.11684744166938
"230" 184 -0.130630652715166 -3.1968098028934
"231" 190 -3.11912709420453 -0.0953230625490561
"232" 143 -0.978736652681815 1.28221795576519
"233" 64 3.02359452180369 4.35987347131627
"234" 110 1.71326614346315 1.52508097523747
"235" 77 -0.633837639650673 -2.30519763483438
"236" 16 0.926105187446136 0.192037586383494
"237" 52 4.82779478043293 5.64718449295575
"238" 114 -0.36679510513268 2.10520884600453
"239" 105 -1.40016585899001 0.913260461081698
"240" 114 -1.395169352949 -1.43631447374198
"241" 36 1.4873883291163 -0.971665426932784
"242" 137 -1.42374656078916 1.4780224588958
"243" 112 -0.0588561790390801 1.44462497915741
"244" 83 -1.2393994033274 -2.77764821070087
"245" 136 -1.62494357291128 0.677133824618959
"246" 30 1.32200805021125 1.85058780831951
"247" 114 0.660434658445125 -1.1727702855493
"248" 9 -2.52370345552574 -0.568587137069478
"249" 2 -0.961492288632202 0.965907422419005
"250" 50 -3.71412463606872 -3.43056860832055
"251" 132 5.4963843415707 1.50014852361417
"252" 130 -0.204592361787476 0.510211623038449
"253" 28 -0.855933877176353 2.23894524162916
"254" 66 1.33839546138709 0.320292638752624
"255" 130 -1.67050167501334 -0.115998609406366
"256" 138 0.41827407163444 2.0231993110668
"257" 131 3.53663991617591 3.95260881836245
"258" 68 3.47648871301266 1.71790882521099
"259" 188 -1.83609439056588 -0.533974478039384
"260" 160 2.40383810279553 4.20705012933291
"261" 58 4.31406791128877 2.58126795730536
"262" 157 0.170107544377901 -0.934759624346674
"263" 167 0.984326879597707 2.26105889725031
"264" 82 -0.801347270176437 0.430497379428934
"265" 95 -2.15058610631436 -1.4002780333947
"266" 27 -3.33407171865411 0.248276717818017
"267" 177 -2.23086238227103 -2.42208453627768
"268" 158 2.59455171456148 -1.3996699619222
"269" 141 -1.87161743371661 5.12266753452736
"270" 104 -2.88745503645593 -1.02027286754784
"271" 9 1.57396685182791 0.948207299412571
"272" 20 -0.263990894667027 1.44399555781903
"273" 36 -1.00160286863915 -5.13060393538267
"274" 84 -1.61289429409332 4.35612239274384
"275" 65 -0.443978322067015 -0.176973555009105
"276" 46 -2.02090110600391 -1.00000045802914
"277" 188 4.4654810295906 2.727293664198
"278" 111 2.02112758705759 -2.146026805084
"279" 197 -1.17066605353629 0.267813787611615
"280" 89 -0.710662303708951 -2.46183738166009
"281" 102 0.752666049452487 -2.62561246034126
"282" 89 -1.19256182253983 0.0624436159028681
"283" 36 2.08923907096595 -0.336733207225586
"284" 29 2.70851187682334 0.415839838954038
"285" 153 2.52107057955821 -1.25632756344559
"286" 63 -0.304521514561781 1.75940988944079
"287" 81 1.70786748996989 0.463067481280681
"288" 177 2.26038041500541 1.29195627038624
"289" 55 2.21985800468432 3.8624291106811
"290" 32 -3.85396473972922 -1.20944168032287
"291" 8 0.483076479195734 2.95786526598229
"292" 70 1.02610741227873 1.22535107175134
"293" 12 0.0788444358413017 -5.2333988128996
"294" 41 -0.642191314587106 2.49693947186599
"295" 87 0.701273670529504 -0.253012182825334
"296" 6 0.72647676110557 -0.591030211056811
"297" 28 -0.233480011035473 -0.182672311835793
"298" 90 -0.614630147317445 1.40970871005017
"299" 81 0.480628274254071 0.739582552921097
"300" 177 -0.984188231070593 -2.85786642040447
"301" 109 1.35296851647674 -0.0579539505165734
"302" 191 1.07419260697739 -2.95652777533935
"303" 42 0.739813059678397 -0.457562232510878
"304" 167 2.27217679538734 1.34070950841926
"305" 38 4.61113388709541 -0.820094662287618
"306" 35 0.676065494005466 -0.0854092200749418
"307" 22 -0.615792218622734 -2.22472132880352
"308" 76 1.8565713658986 -0.964790693458959
"309" 92 1.83301402903124 0.331328616677694
"310" 174 2.11952848495104 1.41026301107896
"311" 67 1.96618592379745 2.8504243444226
"312" 12 1.11472515752976 0.103222639292335
"313" 200 3.28923695183653 2.07782399975279
"314" 145 5.35456443054237 4.40631927939185
"315" 2 -1.85862750429052 1.99487121294314
"316" 3 -1.33682516260747 2.21855134220784
"317" 195 -3.0453900061315 0.0579939310583242
"318" 189 -3.59769780252431 -4.26917869780804
"319" 151 -1.17991110057219 -3.30795894391968
"320" 118 -0.22449557029095 0.884516024156847
"321" 182 2.89641575681261 -0.406224700909446
"322" 199 2.03144290460265 5.38228807367381
"323" 7 0.500197771233845 -1.44260757710349
"324" 62 -1.58830043846607 3.00571572837831
"325" 35 0.61322819397553 2.74539171023813
"326" 151 -4.19186223809962 -4.99218144307831
"327" 96 1.42954018872117 0.200294216374259
"328" 120 3.08324413627417 2.81677833827215
"329" 94 -1.5204261262512 -2.47726148582453
"330" 76 -1.24719985849704 -3.23537274645702
"331" 195 2.30557336890476 0.137532301679652
"332" 164 -3.47308486736577 2.09179092206658
"333" 48 3.18746734256648 -0.0832016748028392
"334" 49 1.22007488131612 0.949380984639476
"335" 178 2.97633338446185 0.0396642098478428
"336" 172 -2.08871381813622 -2.00123800467851
"337" 58 1.87133111192314 1.80568628097062
"338" 54 1.31907386171467 -0.173115164184082
"339" 186 3.00617357069717 -1.48195602077478
"340" 170 -2.59358917081839 -3.03508742431728
"341" 67 1.17732997379804 1.12999410602183
"342" 116 -0.920502222706944 -0.726699276950754
"343" 168 -2.76310718902068 0.762926839134536
"344" 134 0.342998586552338 -0.306996483869664
"345" 98 3.53054035696455 -1.09380312470039
"346" 46 0.88822200028726 -0.241426861387482
"347" 28 -0.514939471191798 -0.206797073046646
"348" 90 -1.72471197808566 -0.123129639376789
"349" 58 -2.1215811838838 -2.97112645122503
"350" 200 0.998302203352285 -1.0042569517317
"351" 19 0.620209395560223 4.71561680579288
"352" 14 0.612558028585615 -2.88199094904652
"353" 200 -1.35776559699154 -1.42218316292446
"354" 172 0.0411272045858781 2.07398788930157
"355" 34 1.66325614587098 0.417138156696346
"356" 52 3.03242647347129 2.12189807269777
"357" 43 2.18528618637915 5.74970638367787
"358" 69 -0.463937349307671 0.491666550744696
"359" 37 -2.53197575307117 -4.29543994476004
"360" 8 -3.82566136109026 -1.04032216832835
"361" 132 0.303191914844024 2.00271530348255
"362" 56 -1.82495362327574 -1.65151649923305
"363" 54 1.81011388683637 0.57514821092055
"364" 79 0.197130841384898 0.886982558886264
"365" 117 0.608812312890125 1.5879407172207
"366" 191 0.0042045045286143 -3.35681508675183
"367" 26 -1.8195299980594 4.06568961587482
"368" 151 0.0451118450066018 -2.33517636044305
"369" 190 1.28610472975869 -0.681618744735313
"370" 124 -3.3737461065984 -0.595360066407533
"371" 161 0.488035487632197 0.111769032933811
"372" 199 5.43335494873271 5.61316351664812
"373" 34 -2.14853129289402 -2.53090772459999
"374" 115 0.510304977143212 -0.819255654933262
"375" 153 0.865089951511086 3.24114257975974
"376" 172 -1.63566564105929 5.34432221030522
"377" 105 -0.119651804654228 -3.36646754046079
"378" 55 -2.92898572911149 -1.07470023695017
"379" 44 -0.868819590576794 -2.38415023017291
"380" 128 -1.25086840776193 -0.73427364784387
"381" 155 -1.22539409492098 0.635650127037641
"382" 191 -1.56807767695437 -1.97195533787044
"383" 29 -0.0767127662106355 -1.16220800083549
"384" 64 2.33812717922596 2.19502973322584
"385" 79 0.0194924165488941 -2.05174576810554
"386" 12 1.07120939762043 -1.32100556884861
"387" 13 -2.35517482699048 4.70500289440459
"388" 170 -1.47552791029212 -1.49118997650874
"389" 195 2.26389915799055 0.303987194257499
"390" 122 2.17998082523633 1.02342352795658
"391" 161 -1.12532504067206 -0.636463902094318
"392" 69 -3.79561287636094 -2.75016211451694
"393" 127 -0.659366673405361 3.2185830605267
"394" 69 -0.911607065042111 0.232832719074845
"395" 65 0.0545375518318304 0.357718446747467
"396" 137 0.928557138310585 -0.264821012800749
"397" 134 -0.696051375262267 0.888885366083369
"398" 71 -3.64005919546579 -5.51983098260463
"399" 168 -1.15253657041707 -0.741599155115083
"400" 75 0.782423515040967 3.52926420784718
"401" 89 -2.54898019438836 -2.17063173683462
"402" 54 -0.953070036330894 -0.419548579518712
"403" 183 1.91924501761609 2.91561780003629
"404" 86 -0.935365564020856 -0.785628757771749
"405" 182 -3.15398204687219 1.50624116949583
"406" 133 -1.19510629762077 -3.07431665189583
"407" 126 0.373483715143666 2.30129129316721
"408" 27 -0.394058390876691 0.0548094393756008
"409" 189 0.00665129799449777 -1.27476237486784
"410" 56 1.6883626821574 3.05958758189129
"411" 15 -3.52118427321245 -2.13082297435307
"412" 176 2.81234335233372 4.46393103316494
"413" 136 3.70580485787234 4.25816409000242
"414" 176 -0.0794024622940045 3.31467877771735
"415" 50 -0.0837483989354992 1.96799753565815
"416" 78 -0.177629262079051 0.181686813009758
"417" 111 0.415792001358354 -1.74198602563331
"418" 172 2.02800752299682 1.54269138360838
"419" 79 0.289445525763559 0.854088245061761
"420" 56 1.72260925280388 1.4623976005833
"421" 60 -0.7069342461484 1.01422435449509
"422" 183 1.9956478905682 -0.970083299709092
"423" 31 -0.00142474906624568 -0.245515510179737
"424" 71 -0.70273697219811 -2.01395054103138
"425" 96 0.0358007144599689 2.66314765145855
"426" 83 0.144051856618475 -3.53697614326829
"427" 116 -1.12975834186653 0.578430047965379
"428" 126 -2.12618213770849 -1.34813806723454
"429" 53 5.4367661996378 4.0706644279997
"430" 60 -3.47687878153186 -4.55557292495767
"431" 166 2.87917376458603 3.14390359311055
"432" 70 0.953461625642058 1.30201127645134
"433" 61 0.671101976091332 -1.06582074875604
"434" 145 -5.10062600647336 -6.27824488486306
"435" 87 0.192909579820057 -2.20758679258531
"436" 52 0.922790597815089 0.179757927275437
"437" 120 1.45516934079243 -1.43305455388504
"438" 57 -2.26869526073719 -3.41271479402885
"439" 178 0.574787740760712 -2.49325018461673
"440" 173 0.698487619916998 0.141543014653604
"441" 137 0.908782683994544 -3.29588319868867
"442" 108 0.397667830380335 3.8719461661588
"443" 86 1.00680212775191 2.44107157695533
"444" 46 -2.23953026991245 2.29243824508659
"445" 125 0.668646867161312 1.37548603489687
"446" 35 -0.0420516604212054 -0.0662823577216987
"447" 104 1.92315058375895 2.47932887853934
"448" 191 0.567279058183825 -0.0400553728899707
"449" 149 -1.40690378569752 -1.85793518496432
"450" 176 1.30912872757659 1.79862886973136
"451" 90 -0.490243868143053 1.35605431318942
"452" 153 -0.465380042001689 -1.68859098987131
"453" 184 -1.71567861640615 -0.524764463951569
"454" 160 -1.26077877632509 -0.530115600688653
"455" 196 -1.49071593458661 -3.66238414595856
"456" 169 1.36476929282961 4.91108278755957
"457" 45 -1.35730735202947 -0.178807498858628
"458" 39 1.78147145568437 2.89173139721446
"459" 151 -2.79521031628644 -1.15791452512604
"460" 39 2.93736448659527 -1.85350047394738
"461" 60 -0.593680277285252 0.0362779975722395
"462" 166 3.28072268976258 4.57395449223278
"463" 185 3.24099691224196 -0.251014304153237
"464" 12 0.52040850793749 -2.94527091379309
"465" 136 0.604872885592124 0.226579654909012
"466" 62 0.145943120810442 5.64789351996383
"467" 67 -0.889841626299677 5.17437748994872
"468" 143 2.69948132800887 1.68177779137131
"469" 125 1.12373232599986 3.61025582621439
"470" 110 -4.21745468648231 -3.58879325066889
"471" 74 -0.641623990951379 2.40114070202039
"472" 102 -1.3732084637 -3.85480847036612
"473" 76 1.16854590304899 3.19571252822793
"474" 200 -0.658801452560637 -0.723430215231886
"475" 147 -4.16536298191355 -2.01816808288055
"476" 47 1.0546543843457 -0.90003420435205
"477" 153 -2.60505757240417 -6.40499153290627
"478" 101 -1.14071988571163 -0.378539123290726
"479" 109 -0.496796369345558 1.60373064364829
"480" 93 2.53118536757073 -2.10332793559052
"481" 53 1.36609153502406 -0.108018443676801
"482" 102 0.192183344570236 0.0903131254120417
"483" 86 -2.55209707285096 -2.32135319659693
"484" 139 0.421853770833682 -2.39186300424204
"485" 133 0.486798241227545 -1.57508904206018
"486" 67 -1.50927574736364 -0.838113690697586
"487" 34 2.13443046797017 -0.271545073386483
"488" 44 -1.94897227125465 -0.852279589611408
"489" 169 0.0472300919662599 1.98922261620287
"490" 121 0.508886240389001 1.56964163430342
"491" 57 1.29798562010255 -0.569747713256282
"492" 156 1.87546261237299 1.25458531732687
"493" 128 -3.84263369564771 -3.52097377026073
"494" 31 -0.396801180285348 -4.40873737108351
"495" 174 1.06787594523173 -0.30579806212674
"496" 28 -1.09422221251789 -0.0748617633419897
"497" 89 3.14383705493123 3.24086490115573
"498" 20 -3.17705942893298 -0.142624042514426
"499" 183 -0.66648638070133 -2.67628684692363
"500" 145 0.364302802419717 -1.48695692865084
"501" 101 3.66759658130094 -2.32591241365614
"502" 113 -5.09198082408339 -4.94804808140768
"503" 187 1.94405757343212 -0.537951025023987
"504" 187 1.43347833096574 -2.53021590499774
"505" 26 1.37902111115721 3.99395941166085
"506" 44 -2.14952272009093 -1.15166607721095
"507" 199 -0.67144146013573 -1.57758171234852
"508" 13 -3.67416867665582 -2.27939774619107
"509" 40 1.17011489972491 1.15238936031137
"510" 38 2.37991915201592 0.955134381522515
"511" 86 -1.36771337539986 -4.04080031933923
"512" 107 -0.525212591502897 1.12383515733122
"513" 99 3.42224911543678 3.94374164785723
"514" 92 -0.212113056338891 2.73132383871849
"515" 95 1.43338747372674 1.83574992540896
"516" 147 -1.66765806262392 -4.33056934048926
"517" 55 -1.46023111919428 -0.88569912823569
"518" 55 -1.01121606710548 -0.929344704930288
"519" 17 3.01756075518584 -0.521130750707245
"520" 102 0.441816661382052 -0.217010381547489
"521" 179 -0.745974391123686 1.51378983418991
"522" 130 -1.6865991949516 -2.85549633707222
"523" 54 0.285000852108756 -3.0981387149169
"524" 60 -0.557214013919484 -0.306068025357167
"525" 166 2.26920815828088 5.91533950352277
"526" 164 -2.38381924419241 0.499077090064718
"527" 181 -0.20627412691649 -1.72105619360077
"528" 75 2.75732565909852 4.16888007815985
"529" 57 6.06393735496807 0.234733916601273
"530" 109 0.0660528912048355 5.05526170179109
"531" 35 -0.300093288739462 -1.58499652857352
"532" 87 -0.447488217465962 -2.15133778351588
"533" 18 -2.19712950400409 -6.38098856174365
"534" 31 -2.58997751304946 -1.85407496169786
"535" 78 0.992234271514923 0.953698758447919
"536" 195 0.472699048564733 -0.806693882325073
"537" 115 -1.49242819870735 -0.811464125999825
"538" 84 -1.47900089878719 1.40390107646668
"539" 54 -0.696043744011807 0.256915134110429
"540" 111 -3.17941157897814 -2.5525570594655
"541" 91 0.0351281007947653 -1.24451924942621
"542" 90 -2.61536791522683 1.22124230676647
"543" 82 -3.31379402073428 -1.94851172292176
"544" 86 -2.42668635732661 -4.15965327167526
"545" 173 -1.2815617648737 0.92713719625794
"546" 126 -0.837400216192687 -4.17524080994288
"547" 117 -1.85559821356465 0.250447075897834
"548" 51 2.27327339178246 -2.53595150427027
"549" 24 -2.2838518056338 1.17267067981701
"550" 171 0.965042642483943 -1.68844473821622
"551" 45 2.56872489672298 -1.71100804510481
"552" 135 0.674835626690802 3.74593160254371
"553" 113 -2.87579209570574 -6.21704506163475
"554" 49 1.46730024983989 -2.11835883296947
"555" 10 -2.16090396509918 -2.85703671178204
"556" 113 -3.22977002459101 -5.80968921224052
"557" 145 -2.66499401776229 -4.08059425980484
"558" 6 -1.55968356977114 -3.67494564002538
"559" 149 1.64788973669147 1.42252235150946
"560" 39 3.47865602947501 2.6502844072525
"561" 126 3.16113362931991 4.5453624068427
"562" 160 1.24660627792951 1.72631231190177
"563" 84 -0.444165488577166 2.06211655878689
"564" 125 -1.45574555113491 2.58385193743364
"565" 166 1.53153605782384 -0.880332681584951
"566" 163 -1.24740154067326 3.64276992690391
"567" 196 -0.318726538605297 -0.857436873759265
"568" 39 0.696648454000083 0.196685431352899
"569" 113 -1.75578911707246 -2.39848047150658
"570" 121 1.75900461418426 -0.250666913734369
"571" 144 -0.412353906375932 6.08223626301449
"572" 167 -0.746768091704783 2.4116074398172
"573" 105 -1.9327199040673 -5.27607436170993
"574" 147 2.73808364299346 4.42212565174411
"575" 34 -1.07683604157289 -0.536422238976002
"576" 138 -3.71851134800174 -2.45127073288285
"577" 87 -1.79227749784417 -4.2203460387577
"578" 28 -1.2240219696955 0.438940352052522
"579" 19 0.740251772975814 1.66210423031651
"580" 101 -3.07320617586096 1.45051694275891
"581" 152 0.383240468278814 -2.76151547972723
"582" 122 1.60268602849728 0.0885957807737903
"583" 7 0.680881191458609 1.17009028273055
"584" 10 -2.85363683688043 -4.64406813819229
"585" 105 0.378874667754245 -1.90393571402196
"586" 115 0.204997731256915 -2.71321009318077
"587" 57 -0.0656636291850783 1.72836702181514
"588" 33 0.32732255723402 2.15017746329816
"589" 134 1.91296073457864 2.73633963051937
"590" 62 -1.93989600363128 0.578557780515924
"591" 68 -1.45184190853686 0.164258910736476
"592" 178 1.1929105168151 -0.976878991289349
"593" 92 -2.81058556250344 -3.00235894493292
"594" 160 0.105958621039196 0.447706298463908
"595" 130 -1.97088646917145 -4.14164134441475
"596" 15 -0.632291402207737 -2.00894693082825
"597" 129 2.66829949611812 3.00224172696083
"598" 180 1.31959914378773 -2.27977753599256
"599" 144 -0.610710872815169 4.0381273396724
"600" 77 2.31773155842424 4.03312045978358
"601" 73 -1.61639987145371 -0.740836465203751
"602" 80 -1.60828494366599 1.0643334096646
"603" 122 2.90735467369935 -2.12859393492549
"604" 137 0.393464612158338 0.15491297763871
"605" 150 -2.03950770197559 0.28113050113899
"606" 150 1.67470185440617 -0.637402546498223
"607" 23 -3.03159319816001 -1.67187034628032
"608" 123 -2.55117492044512 -0.450581737303422
"609" 34 -0.627474901222213 -2.4204937317915
"610" 115 2.05112673414065 0.637514473308148
"611" 130 1.29742118258125 -1.52157864584085
"612" 133 -1.03135588053612 -0.0858193771490251
"613" 89 0.291360075627924 -1.04403969569287
"614" 76 4.31078776797803 -0.270721445563319
"615" 178 -0.483204142705832 -3.52004800083327
"616" 49 -1.94465068318157 -0.558038650527934
"617" 5 -0.296941236008674 -1.33037250230504
"618" 173 -1.0867939511461 -3.37442497781322
"619" 20 -2.98755116078592 -4.04195681572701
"620" 1 -1.45735281893865 1.41393139783471
"621" 8 -2.60880360932244 -3.04961834128154
"622" 153 -0.0933728509098659 -0.923737917382935
"623" 101 -0.852497376230801 -1.04673370912326
"624" 19 0.56988110699535 2.48696002880788
"625" 49 -2.06843887815923 0.407751088716583
"626" 110 1.96516697790805 -3.2039606551158
"627" 50 1.49081667408696 -0.668281707782721
"628" 161 -1.77693687370913 0.780084244178927
"629" 99 -1.77098047080656 4.30951929666474
"630" 78 0.904992001332219 0.238922698070482
"631" 22 -0.258901117003889 -0.0878599531543238
"632" 12 1.6003015664619 -2.06957781659998
"633" 154 -2.40641894078382 1.74852488161721
"634" 93 -0.808121316857074 0.838886961833753
"635" 126 1.61200273364691 -2.96460682686258
"636" 122 -0.978919674501951 -1.93740027309017
"637" 14 0.51566534192461 1.84913330085692
"638" 120 1.77226325533927 -0.0938893630504012
"639" 121 1.21224580219525 2.44204215227902
"640" 6 1.51556778198244 0.495257383615138
"641" 94 1.8592516492132 2.62975571995178
"642" 45 -3.21023160316469 -2.00306385145953
"643" 110 -0.496655140884321 2.64487665694809
"644" 177 1.27374452078913 1.91485440090738
"645" 190 -4.25047794248671 0.331497811917889
"646" 140 4.85423805338105 0.0834257144205384
"647" 89 2.21402390867635 0.890978219511818
"648" 5 0.186441782859032 1.57273584771533
"649" 167 -0.758251765458016 1.56890786924332
"650" 79 1.40981125338893 -0.830262046666491
"651" 73 1.07074515733779 -2.24801904806764
"652" 54 -2.6436727701517 2.36682181668007
"653" 39 1.60189806148301 0.318935213727438
"654" 84 2.57329444223558 3.12063313448874
"655" 58 -1.20485814475067 -1.50279303531709
"656" 95 -2.79141604561973 -3.91425412310562
"657" 125 0.143677995871213 4.31801682214249
"658" 179 1.8664798138287 -0.161730961436243
"659" 40 0.0148269158059051 -1.77055051501208
"660" 189 4.50776679547465 7.61432995818025
"661" 73 0.951658595629084 0.00557073830538379
"662" 153 -1.07330892938817 -1.96904580995999
"663" 187 2.06193215889786 -0.670281723919
"664" 84 -3.60931901311555 -3.58156561735082
"665" 29 -0.719272229056461 -1.78591550909198
"666" 169 2.84670690589523 6.80934597682693
"667" 6 -1.07686905907296 -1.51787467535866
"668" 174 1.80851326404048 2.20818021071135
"669" 184 3.29847404858923 2.08622788449695
"670" 1 -0.489318393220353 0.0468818550836527
"671" 130 1.08545056104166 -2.71678181450504
"672" 81 -1.74318059952957 -2.38464474723013
"673" 45 0.199181313843643 -1.69011335086322
"674" 19 -1.41005653296842 0.145083023898237
"675" 37 -2.28820655890892 -4.3878564543805
"676" 86 -1.56413030986055 -2.11621103347622
"677" 130 -1.47042083053807 -0.948434816595585
"678" 33 0.654167833201382 2.83336373009882
"679" 22 3.56817400767004 4.11855513212268
"680" 59 -0.28719639729744 0.481452008242315
"681" 53 0.0921998831186838 3.46413812519802
"682" 116 0.199563649840272 -0.376243888862619
"683" 14 -6.10130074991616 -3.90276059035705
"684" 124 0.536648261458919 1.2778182304138
"685" 98 3.99077327990105 0.269828766783776
"686" 161 0.278226845306332 -1.59100267037904
"687" 38 -2.09351585568305 -2.81859641570405
"688" 73 -0.27455051588726 1.3122367412039
"689" 198 0.276618174573815 4.26949522877178
"690" 174 -1.97576281049926 -2.54091385304802
"691" 90 -0.296498805651304 -1.81389180572808
"692" 84 1.42238827143105 2.09777577745514
"693" 140 -0.920008665216378 -1.40841855406917
"694" 58 -2.33025169057335 -1.02540934195852
"695" 93 -0.976085487224024 -2.41261509751071
"696" 195 0.68704450470583 0.167177661711686
"697" 74 -0.583686593613921 -0.816085036695569
"698" 153 2.30792529336616 -2.26523398957961
"699" 11 4.11337451566638 0.944668045112621
"700" 62 -1.40327363918546 4.38503567701769
"701" 193 -3.2128546832791 -2.40331842883165
"702" 46 0.749473633288958 0.314758006430792
"703" 170 1.23485164039097 4.46291053637929
"704" 88 -0.249829017315631 0.744890378755601
"705" 126 -2.48613827998219 -1.46455792531986
"706" 97 -1.45925067972227 4.74003676921102
"707" 22 -1.89742626755337 -0.755104148771862
"708" 28 0.903506549571531 0.0387209684842595
"709" 63 1.3451626130134 -0.511926691386894
"710" 11 1.07133399698592 -0.490502007049965
"711" 112 -1.12448546093266 2.69016938061083
"712" 82 -1.8230367233153 1.26497471204536
"713" 16 -0.254014641868125 -1.65198922611462
"714" 41 4.56812175476494 -0.543942526722646
"715" 47 3.20611264827375 1.43885864875425
"716" 27 0.0269871372766793 2.40557331217161
"717" 65 -3.45383499445827 -2.40522404922167
"718" 54 1.44639114596902 0.197825908221764
"719" 71 1.44424719260751 0.0576745415267106
"720" 157 3.74709775856437 -1.29214012459496
"721" 171 -0.125659936704194 2.74090322388428
"722" 149 -1.12716467384112 -1.35612968358455
"723" 155 -3.72488370929125 3.28281679592499
"724" 68 -2.13374462951085 0.377026156155126
"725" 28 -0.687732986222729 2.38503243130639
"726" 6 -2.60362188954937 -1.37660237504464
"727" 97 0.106732464073474 -0.608414677884911
"728" 172 1.44922759938829 2.11222062203503
"729" 176 1.14576464702218 2.45565778951234
"730" 111 0.551473854171694 -1.74461948693206
"731" 123 2.48354601096807 -1.92615501270924
"732" 199 1.70587158299495 1.81999261835274
"733" 111 -2.63913669858348 -1.55314447075773
"734" 80 -3.15894182968098 0.264179832841721
"735" 46 -0.260157864012812 -2.43410772320369
"736" 44 0.654080696051043 2.02559687307797
"737" 187 0.804785086640761 -0.13070055796472
"738" 19 -0.956651432038196 2.6877511700435
"739" 170 -3.62314525823521 -1.45725394426604
"740" 78 -1.94214462501797 0.319795229276925
"741" 199 0.526382069502484 -1.80707073314824
"742" 144 -1.63428758651456 3.15552379099844
"743" 92 1.83323905149591 -2.20999997648109
"744" 64 -0.107445596155036 -0.67838838305581
"745" 152 0.33558890020332 -2.48657512832542
"746" 75 -0.958350880192533 -1.86388167308664
"747" 86 -1.55250310534492 0.356183445499008
"748" 168 4.0177603729819 4.71435779976028
"749" 110 2.99725383659971 3.8839899093775
"750" 144 -0.852105005381796 -2.46928483829308
"751" 138 2.84269113612024 2.42423648192273
"752" 73 2.06770312146523 0.126496308826625
"753" 72 3.31513473478168 3.42889347366256
"754" 56 -3.56556189865484 -2.08448434948436
"755" 117 -1.04204924313622 1.16725974591971
"756" 7 -2.2274083921454 0.0153170162715295
"757" 80 1.38505954573311 4.60095569927833
"758" 7 -1.25155282109124 1.32428215309201
"759" 41 1.11271308482935 4.96759007331825
"760" 79 2.45172585036104 -1.38961129775001
"761" 184 -2.00298478481711 -4.1773914443421
"762" 154 2.09763410031771 -2.69378668488441
"763" 160 3.31317653490797 3.96232081433609
"764" 1 1.46871812671666 -1.24799607557745
"765" 18 4.78075598641447 0.852640787858102
"766" 179 0.924020362865417 0.204839692194521
"767" 22 1.4171858193068 0.155024389620183
"768" 187 -1.25029990587958 -4.60418088067302
"769" 150 -1.37661209866211 -2.96780787522066
"770" 177 -2.61174386675028 -4.27472817725092
"771" 196 1.03573295505503 -0.510370197196224
"772" 56 -1.68658965191934 -1.15242623606233
"773" 173 -0.892726003409656 2.37902900606264
"774" 80 1.18412825389106 4.67883083359391
"775" 84 -0.837970076454213 -1.6684428443554
"776" 108 -2.65405934331112 1.99570074481766
"777" 87 -0.392447785328551 -0.221990746364224
"778" 136 2.68804559462333 2.06180607137314
"779" 40 -2.74314730772243 0.0314167575099331
"780" 131 2.83919801135417 2.10794984356929
"781" 170 1.53130824789 4.2336373236397
"782" 9 0.0292872014946211 0.000531152777061172
"783" 127 1.23668056006354 -1.23917207041323
"784" 114 -4.33394939180235 -0.567317947197229
"785" 22 1.14259666677909 2.44059340111313
"786" 27 1.30616343750954 5.82821729756642
"787" 103 2.14723862185059 -3.99411401040504
"788" 61 -1.29130209247759 -3.1927614586364
"789" 30 -1.28126056162826 0.723567881963561
"790" 87 0.735049808278657 -4.24037894710153
"791" 193 -0.829325254548904 0.838121809089117
"792" 95 1.69400659601632 0.0627872995400001
"793" 3 4.16440743219597 1.69985333797844
"794" 112 3.29722660817806 0.856250611408138
"795" 111 2.89471379440897 -3.29294898737114
"796" 8 0.234686439458444 -0.534156042570792
"797" 48 -0.79104311776273 3.31949464141269
"798" 10 2.34855002094812 -2.188664264882
"799" 33 0.261957834371262 3.07792403272096
"800" 91 -1.76810595435525 -3.67257649488796
"801" 134 2.24855960941571 2.95711488322223
"802" 148 -1.45319149164345 -0.00487196960861253
"803" 184 -2.13605933197418 -0.706448661799419
"804" 166 -0.419884283352993 -1.61830338933922
"805" 58 0.486329897822828 1.01287596838165
"806" 22 0.145221590255529 -0.239846856583079
"807" 21 2.65809019947476 0.963226014036354
"808" 191 2.12456604182709 -1.28338932555051
"809" 10 -0.781664559634643 -0.232941198635615
"810" 151 -0.175351258412954 -0.241633313315291
"811" 60 -4.02039632642637 -1.46345072937345
"812" 26 -4.52460003800242 2.70683234167025
"813" 89 0.193327096787723 -1.57221158826713
"814" 160 2.14334036904469 3.75531349186845
"815" 46 0.570634658325296 3.3689319285071
"816" 170 -1.07367512381191 -3.7752213393106
"817" 189 0.200749186332099 -0.442216931212702
"818" 188 -1.4043430371637 -0.488935329420326
"819" 22 -2.50797649749729 0.250251132031236
"820" 25 -0.995900832392812 2.36656062521541
"821" 117 -0.110169983581497 0.236566871889698
"822" 66 -0.61735509875248 -2.86289552522295
"823" 112 0.821769150376979 2.66369367722276
"824" 154 -1.62051679105285 -0.224706436115585
"825" 83 3.20753924797192 0.784253697030859
"826" 96 -2.75673395369192 -1.02849521034166
"827" 169 -0.530912942492828 -1.05455958776469
"828" 180 0.531310494405527 -0.54895838247524
"829" 40 0.212760505906508 2.01319686644792
"830" 3 -2.67514120568786 -1.41614203276697
"831" 77 0.421366965835578 -0.189847609194447
"832" 165 0.202853530371875 -0.364732383010277
"833" 141 0.264181992139477 -1.64604936775773
"834" 80 -4.44357585935054 1.07483562579258
"835" 101 -3.75674654913799 -1.19699504116757
"836" 37 1.29549963105242 -0.46199709223794
"837" 70 3.14578173838355 3.37328444897444
"838" 63 -3.17279654280979 1.2964000986445
"839" 69 0.167468697098592 0.282260953294352
"840" 200 -0.17094315513716 0.122944160975177
"841" 45 3.10640675624856 -1.44888890029499
"842" 55 -2.62191780456997 -3.4762230987111
"843" 57 -4.08848334869373 -5.54790631185625
"844" 89 -1.17458225339776 -0.0610517509858797
"845" 128 -1.80945541705823 -1.36890136970206
"846" 106 -3.22506667567394 -2.61646256650154
"847" 15 -0.218419759188448 2.88339438996523
"848" 72 0.281609613233775 -1.80665421907335
"849" 185 0.213960654873563 0.921250388625436
"850" 166 2.20006749898427 0.24503270385723
"851" 81 0.72670446586049 -0.61852365301917
"852" 44 1.90345013127844 1.76049528548528
"853" 153 0.872678312052626 2.00033217901566
"854" 139 1.01553001245419 -1.24828998436529
"855" 78 -0.0314066533706529 1.1432944829507
"856" 197 -0.18997567343807 -0.853361967449212
"857" 21 -0.170275104461854 1.28755250390735
"858" 87 -1.42384521781735 -0.269426837487422
"859" 43 0.778419099119715 0.105215980824949
"860" 151 -0.386168089135194 -2.05901584298187
"861" 163 0.531458702675351 -2.10884878946625
"862" 142 -0.113269975008883 2.26886101347277
"863" 80 -0.897136534186996 2.29243325704991
"864" 86 0.708676137470084 -0.504358223219445
"865" 49 -2.68908708763676 -0.966516453491517
"866" 49 0.066417574083703 -2.00340849743044
"867" 108 -0.263095998812149 4.46819454985903
"868" 192 0.758754392591481 1.56196921745118
"869" 31 -0.137015722328771 0.00452294791544006
"870" 183 -2.27315272137165 -4.47850167691324
"871" 30 -1.32794630183841 0.330332188454734
"872" 14 1.09608954658264 1.56153566515024
"873" 140 1.00803856534225 1.18162488157912
"874" 32 -1.47882854440794 -1.50290511302277
"875" 146 -4.85231845248128 -7.88412410784903
"876" 131 2.7462435764983 4.46119318852547
"877" 43 -0.766849883907271 -2.85770156912624
"878" 117 -0.342026198541308 1.51763224204877
"879" 16 -0.00625594418282902 -1.05752155732277
"880" 98 -1.03731590331715 -3.80598390796889
"881" 78 -0.970050645838269 1.34010168260855
"882" 109 -2.54757705120739 -0.473833773231214
"883" 155 -0.283489135958432 1.14571045968637
"884" 101 -1.99450093854133 -3.80817407181402
"885" 49 -2.1213390439685 -1.34426569724404
"886" 160 2.31579913111584 -2.41390233378074
"887" 79 -0.430058368827516 -6.19363613461628
"888" 51 1.13699218017658 -1.58921149966848
"889" 145 1.52871947138761 -1.36715064184661
"890" 111 0.279033843091927 1.82246721609839
"891" 178 1.56436071092844 1.94854652802862
"892" 146 2.02335547185844 4.00706379609357
"893" 150 -1.29142209266854 4.07147432410963
"894" 152 -2.44681731585256 0.245919118792752
"895" 136 0.153164189095879 0.827788129749273
"896" 177 0.756405072644987 0.0233617764387796
"897" 66 -0.172262813776744 3.18535688105191
"898" 133 -1.76212234875841 -1.04746597394462
"899" 22 -0.711166452733194 0.12004116063486
"900" 13 2.44437969956377 0.823318359562879
"901" 183 -2.14748769115614 -2.99172682763948
"902" 199 -0.813229683240763 -1.3550710727665
"903" 14 -0.160467151791877 2.70087843781381
"904" 178 -0.416250242929218 0.481352109431214
"905" 34 1.68498785807486 1.89356459809868
"906" 172 1.16401080601674 -1.05075934971518
"907" 199 0.537152216816667 1.91790651935273
"908" 65 4.41019945409175 3.40543841454831
"909" 110 1.34733973708932 3.49522690481112
"910" 5 -1.0763800437391 -3.06212130748351
"911" 157 -1.50769526087565 -2.07669570282076
"912" 8 -0.295776649859818 -1.64073420461891
"913" 31 -0.520669825680948 -1.45897609827884
"914" 187 1.16493923861718 0.696627569744698
"915" 179 0.959680444446775 4.19207953312891
"916" 71 -0.253611261602873 0.906304586114696
"917" 147 0.594116279635886 2.24556498021613
"918" 169 2.43441327533479 0.658048238017463
"919" 168 1.27655172541567 3.45865921884549
"920" 128 1.97712918264572 0.37725391201229
"921" 103 1.45019337529655 -3.65162147942054
"922" 9 -0.240348731768035 0.557682651400092
"923" 7 -5.89945818331599 -3.70236163020087
"924" 7 0.181291838161695 -0.970093883165232
"925" 26 -2.23968091543296 2.5651446320947
"926" 136 0.070264401698553 -0.246729296692663
"927" 70 2.03550661595013 2.23668645693483
"928" 47 3.19362666097869 0.0638455317337976
"929" 63 -0.322528578895362 -0.523946875082315
"930" 66 1.78257739845924 -0.094704648219211
"931" 29 1.33607534775233 -0.568935377271204
"932" 137 1.84777783177652 0.660114306096524
"933" 47 1.69334224813435 3.21903860718767
"934" 190 0.0256871480767479 1.38740930639364
"935" 151 -0.621801260452414 -2.54970325062852
"936" 176 -2.62887548595307 -4.91350778447033
"937" 20 5.20257456347715 0.133346114967009
"938" 7 0.696316509502111 -0.0900568904907846
"939" 102 -1.61495667166882 -3.59699179876805
"940" 99 2.91641511317448 4.79545127787639
"941" 168 -3.44518277450616 -0.554011644860119
"942" 1 -1.69448475659804 -1.37811654389493
"943" 175 1.36277597869856 -1.25170898214565
"944" 70 2.38435851985621 0.848367739994426
"945" 117 -1.33058253286574 2.29680341646388
"946" 68 -0.973653882980028 0.16368004707904
"947" 152 1.72165369810949 1.33033029366102
"948" 17 3.2941057204458 0.319671521571529
"949" 92 2.60963453255784 -0.150940603900414
"950" 71 -1.18506278922408 -1.09324183870824
"951" 152 -1.6332770100728 -1.25867954965092
"952" 43 0.656797128337759 1.89459021691193
"953" 168 -2.29301461143497 1.1489421475513
"954" 28 1.12104784642575 0.157772459011351
"955" 90 2.90617430227034 0.713484776163432
"956" 131 2.41334257175634 5.53384538347845
"957" 90 3.12658803214147 0.969410074952572
"958" 34 -2.45091344943041 -3.52305768622506
"959" 195 1.78418864511449 1.23854933227334
"960" 59 -2.1365825368426 -2.38177900606727
"961" 159 -0.463879547468421 -0.118692268780043
"962" 191 0.137238357177349 -0.957990999040257
"963" 76 -1.00936025523004 -0.270122532152663
"964" 25 -3.03850962430065 -1.1518472249922
"965" 104 1.68243299548236 3.25743471368975
"966" 107 3.0787264197127 -1.01205749588007
"967" 118 2.66799047430881 2.59982465783325
"968" 115 -1.05278346866314 -0.017265576425874
"969" 137 3.90572604543821 1.44556049521305
"970" 137 -3.61077175653274 0.67017640018424
"971" 159 -3.14904710499017 -0.924884102461747
"972" 60 -0.684438509807727 -2.07456079469881
"973" 121 1.92037672702142 0.404231558296366
"974" 10 3.08196680202377 3.40076836546693
"975" 129 -1.5591461843582 -0.109454420236571
"976" 37 2.06397999873084 1.2466582869132
"977" 121 0.817702777573729 2.25660470678094
"978" 18 2.36545001153952 2.37926428446712
"979" 174 -3.59440854690139 -2.15808365899831
"980" 126 -0.747733443428303 -2.43375199946754
"981" 19 1.9306673519973 0.870148166790296
"982" 179 1.98580468013237 -0.290013633953285
"983" 35 3.45726531195346 1.13268940898485
"984" 38 2.8242503339725 -0.0209626770802471
"985" 66 -1.11558100487063 2.74361374137149
"986" 112 -1.23554925038149 1.78788442596138
"987" 166 0.969068009275516 0.153807030677233
"988" 74 -0.144896233755057 -0.0829298703476928
"989" 20 -1.04653133518449 -0.59772731847172
"990" 86 1.14251391852877 0.962726386063979
"991" 57 0.152872801903997 -1.74997386376098
"992" 166 -2.14592916631659 -5.66038782414989
"993" 144 -1.19074955316179 -1.37530297804955
"994" 82 0.517079585727772 3.71284380621143
"995" 199 0.181408520899072 2.20707481172964
"996" 64 0.520549571527878 -0.302559478616198
"997" 14 0.543953561449337 -0.937921313488678
"998" 142 1.12907356657901 -1.05109325993068
"999" 118 -4.63643829331203 -6.51557829949251
"1000" 93 1.83011992644458 -0.683441073284706
"1001" 69 0.204940152346808 0.0454575730117929
"1002" 117 -1.33184287927107 0.782510085905906
"1003" 125 1.46062376219619 2.20668453384859
"1004" 187 -1.14216583033184 3.9170675302345
"1005" 6 -4.0150338397239 -3.27707617078778
"1006" 185 0.270180972033421 0.541428489423293
"1007" 92 -1.15769387960711 -0.720302137067704
"1008" 14 -0.188543150073195 1.70322109627962
"1009" 20 -0.0129417921195497 -1.74769186237734
"1010" 14 1.50011950061945 1.17290693694117
"1011" 3 -3.6779592517994 0.441575382862767
"1012" 139 0.688444717435793 -2.79461786295438
"1013" 113 -2.59709522164845 -4.99343182180905
"1014" 194 -2.23326372879409 -3.39841373381884
"1015" 58 -1.39156717786547 -4.91062774727125
"1016" 123 -1.28733867908942 2.06432479513734
"1017" 99 -0.999593207753376 2.45235555382831
"1018" 157 0.650335900679554 1.19094788567986
"1019" 139 0.682372790261311 2.67239805063682
"1020" 116 1.19401166607812 0.179080288421583
"1021" 54 3.78386731094251 0.420105801390014
"1022" 40 1.33707592783897 -3.76876943370887
"1023" 200 -0.70279607527826 0.102642851689764
"1024" 170 -4.19702087459181 -0.544509604389073
"1025" 46 -1.04010069793928 -4.0295775913288
"1026" 111 0.264776299805702 -0.00687590698692064
"1027" 80 0.414494320968781 3.53406166674419
"1028" 18 2.2632220934061 0.0255288377211688
"1029" 32 0.805853408808982 -2.78247743451624
"1030" 169 -1.50004034783582 -2.65148218000795
"1031" 105 -2.69531461740458 2.55984984642135
"1032" 40 2.71722134526471 0.778827575157528
"1033" 187 0.0380320065704145 0.522169784981637
"1034" 137 -0.546392821812659 -1.49547982748233
"1035" 79 0.236423991961209 -5.84723336987237
"1036" 3 -0.184596517161359 1.90157196446561
"1037" 180 4.66485516691872 4.21880079498184
"1038" 99 -1.49280299657103 1.47891203801346
"1039" 32 4.0066031492658 2.53199035966639
"1040" 189 -2.89274981720056 -2.74227381304421
"1041" 10 -1.23918463855034 -0.861443925973777
"1042" 188 -0.211523375881304 0.317652222412229
"1043" 18 -1.17070081682297 0.756148961947468
"1044" 95 -1.98384808792885 -2.53908221541064
"1045" 197 1.1268959833093 1.12569578811145
"1046" 177 1.59824009475493 0.781088739920294
"1047" 30 -0.692133104400818 -4.54150152913561
"1048" 84 1.81685041878419 6.69594146938929
"1049" 93 1.24893932753528 1.1107757137634
"1050" 162 -0.619857371407994 -2.08545517168515
"1051" 35 -3.93934008052374 -1.77964693366335
"1052" 169 3.56483801700311 4.61131295760748
"1053" 151 1.49926435643329 -0.369739940479058
"1054" 183 -0.00425394265254195 1.69668896475649
"1055" 12 -0.49674369442334 -0.465407371301419
"1056" 7 1.0398023457561 -0.0430702555367315
"1057" 156 -2.92132638030136 -0.00139847996080977
"1058" 26 3.28361291134768 0.84740489952517
"1059" 29 -0.367409554486085 -5.55650343393993
"1060" 116 2.33765842539038 -1.72662583431027
"1061" 129 1.40016343272076 0.767943375318486
"1062" 118 0.599952306033113 -3.49113024340608
"1063" 38 2.40547841769651 -1.34867598975009
"1064" 25 -1.20591484311619 1.71824900214994
"1065" 140 -3.03036858478305 -1.44407576237414
"1066" 109 1.10450946655661 -0.561877971773264
"1067" 190 1.45399159120886 1.11545972398945
"1068" 54 -1.8422216254028 -0.930174935300899
"1069" 70 -2.25540722809996 -1.26244443990389
"1070" 73 -1.62772501765707 0.915909749547641
"1071" 30 0.374181860516608 -0.0759679323787319
"1072" 108 -1.2167963194762 0.809476986571335
"1073" 28 0.372615158226359 3.74905941120616
"1074" 81 -1.45323579686463 -0.522632941982948
"1075" 189 -0.593820132871776 -1.00692660392893
"1076" 9 0.335910903394275 0.235399312641105
"1077" 83 -3.07864728306359 -4.6659598280403
"1078" 54 0.351457863676375 -0.886803338597627
"1079" 125 -2.55192555197664 1.18467764914636
"1080" 177 -0.221219640717338 -0.918265842578465
"1081" 82 -0.705125746596678 3.3754280871497
"1082" 66 -0.980963498287002 -1.60877906177138
"1083" 146 -3.02417947942724 -2.82636552568992
"1084" 111 0.426834848549476 -0.482090500420738
"1085" 29 1.55817816078356 -2.6656445609846
"1086" 139 3.69448776626523 2.84381180302183
"1087" 64 -0.533660559144939 -0.787962888809723
"1088" 194 0.040055709280341 1.45064423080144
"1089" 168 2.04049342727324 6.54953232376622
"1090" 187 2.74216929477423 -0.852114951358644
"1091" 119 0.4345022825257 0.305665127099415
"1092" 140 1.75356975002777 1.44460265404172
"1093" 167 -3.2872982986422 -2.51113751319789
"1094" 161 -1.02836924918833 -0.878835486967258
"1095" 88 -4.40995319955334 0.304962696192953
"1096" 197 1.3107448010903 -0.645840290220498
"1097" 27 -0.499906769677919 -0.532082849232252
"1098" 47 -0.558405631799584 -1.29551855577056
"1099" 102 3.42875359095599 -0.811826806051355
"1100" 78 0.38618395371531 1.24053435729143
"1101" 183 -0.337119802178366 1.02953270867782
"1102" 99 -1.30455161333867 1.07149533664952
"1103" 138 -2.07692748711294 -2.5498494508148
"1104" 146 0.602623227118361 1.70920810964829
"1105" 122 -1.99344176555557 -3.05702239750003
"1106" 64 -1.77008869107329 -0.523715988358142
"1107" 189 -1.25646901354794 -0.584484926963828
"1108" 134 -2.90921437427406 -0.520042666195953
"1109" 8 0.985733274736366 1.23611539412457
"1110" 62 4.56992173199314 -0.684772774242563
"1111" 109 0.258620712448458 1.80079646418221
"1112" 157 0.753976122178651 0.293033378917018
"1113" 140 0.773589649450342 -1.26202228287447
"1114" 47 0.506446876501335 -0.396674191682625
"1115" 77 -1.83110589495996 -2.97041500450958
"1116" 150 0.973473917855663 -2.04773203514375
"1117" 135 -0.0575120412270578 1.25221215252802
"1118" 132 0.122283270477584 1.82698838644627
"1119" 70 0.803366038574028 3.50728346258599
"1120" 39 1.27403080069252 0.814826279302198
"1121" 185 -1.35856271442865 -2.03012393787404
"1122" 7 1.99454917658063 1.57071784318864
"1123" 25 1.2968297237523 3.49542928985409
"1124" 164 -1.73868583769672 2.05238619698064
"1125" 77 0.565997863397772 0.0761866371666546
"1126" 66 2.64911292165144 -3.14568897999395
"1127" 64 4.00192185813929 2.02795724666234
"1128" 65 -1.63642116509233 -2.48147094931234
"1129" 104 0.313800542400205 3.57001332721927
"1130" 6 2.53144351743936 2.59225017520063
"1131" 189 4.68037560566615 2.67364496089039
"1132" 121 2.25658899040216 -0.493849244207464
"1133" 81 -2.01460886442262 -1.6321002980634
"1134" 126 -0.125638223128595 -3.46375723213226
"1135" 170 -3.95220617701722 -5.38725288557813
"1136" 41 -0.811782483904684 0.430713361391643
"1137" 30 2.32468132969294 2.75676622055379
"1138" 117 0.100708112722931 1.65386351265124
"1139" 108 1.71584829296301 5.5836749905137
"1140" 92 -2.21146828588724 3.66076486667445
"1141" 81 -0.397668898047817 2.5741757139355
"1142" 199 1.07981450154662 5.46772340627295
"1143" 160 -2.93422516547781 0.603533347551227
"1144" 117 -0.613144720420119 -2.20147710711918
"1145" 84 -0.986097040734874 -0.344195253040038
"1146" 164 1.58047925977325 -0.529126149375535
"1147" 65 2.40900340915453 -0.215654984660572
"1148" 60 0.105736206121564 -0.691453580410295
"1149" 45 0.307607810325154 -0.311995262375095
"1150" 24 -1.40048993063574 0.751711518120612
"1151" 151 0.27933571099003 -0.912444242943877
"1152" 126 -0.183206198649305 -1.16111351223594
"1153" 69 -4.89937859943226 -3.19176955224432
"1154" 83 -2.85251128308851 -0.941494091820721
"1155" 126 -0.94416038666466 -0.383206107865311
"1156" 43 -0.721423483582335 -0.814579057643928
"1157" 129 1.14801746431057 1.77303367593655
"1158" 106 -2.68046312296177 0.110999345388225
"1159" 57 2.88073564780298 0.982316734210308
"1160" 141 0.466019255808877 0.424630957000241
"1161" 132 0.609351287172444 -2.61636145809478
"1162" 186 -1.38458574043438 -2.49520445464482
"1163" 185 -4.46415235494293 -3.49145182499248
"1164" 104 -0.416355326148908 2.70098537789845
"1165" 183 -3.44237351687323 -0.134343194224395
"1166" 192 0.0430275561471351 0.538340231093595
"1167" 63 -3.19385681354098 -1.39029251479175
"1168" 115 -4.0366908463585 -4.87998998473417
"1169" 95 -0.3636136471048 0.0991010935680298
"1170" 69 -2.09417328691502 1.72856323776783
"1171" 47 0.845006922463202 4.05710569825957
"1172" 67 -1.18797072131024 -2.34726407540597
"1173" 156 2.03657677099288 -4.94519418417932
"1174" 10 0.0302286270510655 0.414899320292884
"1175" 46 0.949976073149145 -0.642538480766695
"1176" 70 -0.435818090450202 2.09414250008908
"1177" 125 -1.26459409322924 -0.946063181551738
"1178" 70 2.85566846255011 0.694828427167724
"1179" 85 1.80322645521737 -2.53871665983901
"1180" 144 -0.156190565432912 1.85395465974526
"1181" 180 1.88040396270556 3.90153506488143
"1182" 165 0.225127532012301 -2.13346455121381
"1183" 53 0.341558738973736 0.677469713499094
"1184" 61 1.3571546120114 3.70312244003717
"1185" 54 -1.03415295274157 2.60433791300494
"1186" 72 -2.06607139662025 1.58175437765976
"1187" 25 -1.54395632537121 -0.300876824340612
"1188" 192 0.627728504282858 3.62102976707434
"1189" 84 1.23465990646537 4.02634064369118
"1190" 25 1.25835048524005 2.41508767487892
"1191" 63 -0.692731808534332 0.175765343563171
"1192" 47 3.4016041250746 4.4179334954682
"1193" 38 0.216875508799469 4.79883302263404
"1194" 33 1.7913944286639 0.539087163513816
"1195" 176 1.17543250833648 -1.0041695040431
"1196" 8 -1.28810245796787 0.409749149087915
"1197" 18 -1.90971754696416 -1.69146536875445
"1198" 187 -0.385251032592615 0.269328881382251
"1199" 56 0.0325872976039382 -2.36445819926163
"1200" 72 1.36559895024956 -0.844015781274248
"1201" 173 0.380928132772989 -0.404566997864459
"1202" 125 3.07974789278611 3.12735276950211
"1203" 163 0.618247229126613 3.79844818947074
"1204" 23 1.43751103053913 -2.40461614013151
"1205" 109 -0.360197353263024 -0.949276838898446
"1206" 139 0.687735506955604 -0.111385242896944
"1207" 100 -1.40694441666475 -1.10693780275909
"1208" 52 3.429646478258 2.52208281143812
"1209" 16 0.523634553680811 -0.801619993087699
"1210" 150 1.64190893096638 -1.74108930637004
"1211" 27 1.89273646713226 2.5783315637986
"1212" 80 -1.22098263527565 4.96781449200511
"1213" 160 2.07519053577424 -0.245522960253076
"1214" 8 1.47577674327715 2.29941587198303
"1215" 104 4.49015054059576 2.65836758117902
"1216" 101 0.508564737902413 -1.51020119910771
"1217" 188 -0.612020264063675 0.477632569818559
"1218" 11 4.51710014068192 1.32517221618592
"1219" 29 0.450369193072694 2.01690247240691
"1220" 1 0.840065976145415 1.71430408268316
"1221" 161 -0.269423167093978 -0.73875894178451
"1222" 163 -4.78641839077488 2.61950574457409
"1223" 168 3.05775704810493 3.81353077019875
"1224" 70 -0.119946516851482 3.13971752278835
"1225" 13 -2.58331611605692 -2.91333785532547
"1226" 183 3.73193085360412 3.03766786755817
"1227" 56 -0.915462836753119 -2.78387752784462
"1228" 60 -1.68167719723421 2.35139091864987
"1229" 61 -1.12730253167947 -0.783458027685442
"1230" 189 -1.65735857877815 -1.34523339275072
"1231" 86 -1.04583556831748 -2.16407873337388
"1232" 93 -1.12081857116602 3.32765742832937
"1233" 105 -2.54780217069756 -3.52484105165864
"1234" 132 -0.601501388363834 0.476323779070323
"1235" 46 0.791365169545343 1.90089234388811
"1236" 66 -1.45043984529214 1.60469737302394
"1237" 173 2.54771726335641 -0.479789567259664
"1238" 144 0.503194971015808 -1.13852041478401
"1239" 122 -3.5331713271293 -0.274268619322771
"1240" 14 -2.81907407516537 -1.38932619374568
"1241" 91 -0.566917503651882 -2.71137114449992
"1242" 144 -3.31587669949463 0.161001052898962
"1243" 47 0.253880545403377 3.7780553382282
"1244" 68 -0.0971115635323621 -4.89617747324969
"1245" 108 -0.451180546743876 4.60191829861486
"1246" 8 1.12332932555987 0.25765140139656
"1247" 79 -1.95707863362456 -3.9996038730454
"1248" 117 0.670080013569549 2.09445697790549
"1249" 65 1.59600647272216 1.50576483225342
"1250" 135 3.41246794009106 -0.0811945504142582
"1251" 112 -1.58855050247022 5.37940100251671
"1252" 108 -1.6115482512946 0.441794351308885
"1253" 110 1.0028993518029 2.77150800908347
"1254" 116 2.78407069094026 4.46681388473507
"1255" 130 2.46814711354656 3.16107684742181
"1256" 132 -1.40409037064165 -1.21797215653753
"1257" 110 -1.43374503852644 -1.2731957159427
"1258" 187 0.0958097274856958 3.04057104488185
"1259" 42 -2.4051851921813 -1.82201626142335
"1260" 195 2.35149598870106 0.0671318714670109
"1261" 2 1.0939166396292 -1.1740696745445
"1262" 119 -0.56360773650071 -0.587564267453117
"1263" 159 -3.20435641497694 3.64889172065848
"1264" 119 1.24860796474299 0.0716460288722549
"1265" 73 0.333215975162291 0.55509615834031
"1266" 165 -1.57121439563589 -4.92347778942695
"1267" 10 -4.07831582776639 -4.32349613388841
"1268" 186 0.102522714635525 0.0387242600129845
"1269" 166 -1.46829092379051 -0.910490481317952
"1270" 176 2.71442877780555 3.15847517634292
"1271" 140 1.82902038718786 2.77904168624556
"1272" 60 -2.21602268841071 -4.16029783338246
"1273" 5 -0.658034255023159 1.65328799065794
"1274" 89 2.92716902195256 3.53144590861571
"1275" 94 0.0206379649082669 2.51114295898208
"1276" 65 -1.32806029079827 0.496580533605064
"1277" 111 -1.30860587197236 -1.10873459809036
"1278" 164 -1.18571533496559 1.50810090094387
"1279" 197 -1.43498263042671 -2.85129943618498
"1280" 40 -2.23341203668694 1.41232093234334
"1281" 153 0.166952083488964 -0.891313813540684
"1282" 104 1.51809461192104 0.691138002261588
"1283" 58 1.39535875095821 -0.850052891491975
"1284" 99 -0.433048359492133 2.79760889783804
"1285" 2 1.86872979909027 0.448900339315212
"1286" 74 0.81188764437721 1.57615085369174
"1287" 191 -0.25404034836176 0.494575017532305
"1288" 56 -3.29576247828894 1.2681589454353
"1289" 154 -1.5147840182616 2.34411920334863
"1290" 179 2.5821221200417 -1.68841102995498
"1291" 87 -2.25079461771553 -4.39551967891674
"1292" 105 1.45532122976771 -1.52003745513812
"1293" 21 0.476813603607739 3.76011162486113
"1294" 27 -0.890672499594768 3.63138732560417
"1295" 193 -3.0520088652619 -5.71088538263503
"1296" 189 1.72587936494522 4.96775137815471
"1297" 89 -1.34317722042404 -1.06668017168062
"1298" 9 -1.10041206545541 -1.10553148913435
"1299" 41 1.62907197200917 1.69541422921859
"1300" 91 -0.850336719297315 -2.07767037037979
"1301" 74 2.59210090549868 0.832061157500445
"1302" 195 -1.61254481845855 0.595207256374738
"1303" 145 2.23491991715128 -5.15160184654675
"1304" 50 -0.712058380622994 -3.40124075500291
"1305" 92 0.149233957190264 -1.99283709181446
"1306" 152 1.32514270747642 -2.36374235235558
"1307" 66 -1.87749080659067 -4.08655594671935
"1308" 188 -2.49376955152224 0.0452720102089291
"1309" 106 3.6552620553101 3.13710764401066
"1310" 13 0.85716130437881 -1.94162753540741
"1311" 90 -3.28946926518144 0.242994184603887
"1312" 16 -1.34071576317903 -0.274711464557963
"1313" 6 2.93397553729572 -1.06202776614042
"1314" 98 2.41089265443392 -0.583763988639856
"1315" 110 -1.39661755467368 -1.90225643920909
"1316" 155 -2.72594332326498 1.80699524248611
"1317" 174 -2.07720641857637 -0.0474201777513854
"1318" 144 -1.09888608535241 -1.47372145625403
"1319" 56 -0.741395075866094 -0.307333611872399
"1320" 98 0.417112767014355 1.69605697317721
"1321" 163 3.81444741089482 3.49209059755955
"1322" 112 -3.18974403307785 0.403696233953469
"1323" 83 0.109436652845714 0.806036879544225
"1324" 87 2.44694305066082 -1.81048482705127
"1325" 11 3.30204959693143 4.40243572389468
"1326" 12 0.640043889767246 -2.11789670313729
"1327" 189 1.51453403532426 2.14949876082094
"1328" 147 -0.28894793003137 1.0356215442453
"1329" 23 -0.169189194873838 -3.36697686900959
"1330" 55 -1.25960887859841 -2.22802979155789
"1331" 31 2.64326340344517 -3.31757860470998
"1332" 39 0.0949519629393867 2.53280394495495
"1333" 67 -0.0199652615548369 -1.74135158652351
"1334" 1 2.05767931753317 2.58392214283414
"1335" 92 -0.802353463501544 1.05800257830976
"1336" 163 -3.15702582876571 0.951771021322267
"1337" 83 -4.02764692490003 -5.17621761202316
"1338" 111 -1.44682421012205 1.24621875751563
"1339" 163 -1.27168540502097 2.74019222570513
"1340" 67 5.08198104777053 0.97832790916686
"1341" 74 -0.0234754112746399 -0.792989666252066
"1342" 194 -0.449406975036469 1.38419356791994
"1343" 95 0.456618621051025 2.12483921354203
"1344" 12 0.115770880654621 1.87572822037737
"1345" 161 0.328881894151247 1.74601603780746
"1346" 179 -3.41074805361747 -8.78613161912474
"1347" 128 2.35832804851758 -0.229143478292506
"1348" 179 -0.0396847122068398 1.74805582479575
"1349" 50 1.678245493873 0.366253398719989
"1350" 97 -1.20701576071494 -1.50384390899477
"1351" 32 0.945236980625226 1.92717012779909
"1352" 167 -1.68205297840565 -1.39612782263178
"1353" 130 -0.762118500184883 0.273544172602649
"1354" 52 1.5831016102489 3.32985848830227
"1355" 139 -3.58752662097461 -1.26844311467257
"1356" 27 -0.189570649062419 -1.42329264391164
"1357" 183 2.75343496663266 -0.229424949100309
"1358" 68 -1.73788133438097 1.37855972487864
"1359" 100 -1.41848923751179 -3.3518136711431
"1360" 72 2.67504942493962 1.64723722280343
"1361" 15 2.24931701718083 2.84161640336705
"1362" 63 -0.667708624151349 -0.406557866900663
"1363" 134 1.12426966831206 2.34373157684486
"1364" 169 1.42148277995274 0.949834912995352
"1365" 95 -3.1873454326218 -0.585390401829182
"1366" 181 1.82941189627983 -1.77826952471189
"1367" 121 4.32677111768263 3.9841674735437
"1368" 195 -3.39756189319171 0.652358293006382
"1369" 39 -2.67289674376053 -0.532784901374903
"1370" 167 2.55493601548282 5.34072580551432
"1371" 58 1.88354748409 4.99681367876684
"1372" 176 -1.3559063567557 -2.14345342763738
"1373" 22 -2.34547783500752 -4.95846346086441
"1374" 185 1.27043743983573 0.0497465007198813
"1375" 6 2.56432226975957 -2.27986136292205
"1376" 58 -1.48585709759113 -3.11728808084338
"1377" 104 -1.76504167540333 -0.364931645826354
"1378" 145 -4.81855436828181 -6.66684532837782
"1379" 36 -0.47011514952025 -1.1881917627446
"1380" 135 -2.17045333608969 -2.76471574361732
"1381" 41 1.67728483149732 3.74491754751189
"1382" 138 -2.1994958093423 -6.14067690967943
"1383" 50 -0.812890075470058 -0.210339554702468
"1384" 176 0.838990965966872 -0.17674446825525
"1385" 57 -3.30609864080745 -5.85026195235685
"1386" 81 -1.58747891526791 -0.745023623918718
"1387" 144 -0.716502861917361 0.7591920025594
"1388" 188 -0.225025838266765 -2.03379019256312
"1389" 164 -0.718351625339853 1.34609042049114
"1390" 40 -1.12349764721125 0.505910226693583
"1391" 143 1.59709453094176 3.54476691512382
"1392" 127 -1.43492551563862 -0.602942803649321
"1393" 190 -0.0636572897488384 0.276094954408558
"1394" 59 2.66136534289009 5.0493224613142
"1395" 154 -2.03669444964078 -2.01903337528554
"1396" 1 2.66423545185398 2.5887220870298
"1397" 1 1.077494753244 0.612369070009491
"1398" 22 -0.370716582302925 -0.993349365783901
"1399" 5 3.41778902781901 5.09088968089361
"1400" 156 -2.95391487973856 2.2853292893305
"1401" 169 0.707626635367697 2.41071557912796
"1402" 191 1.75318456813214 1.10819683279564
"1403" 186 0.49024763914218 -1.25989141493633
"1404" 146 -1.2592872457151 0.225839444550433
"1405" 79 -1.19241805089167 -3.47524965180053
"1406" 141 4.54943763883174 0.775656554130261
"1407" 147 -2.40411520820833 -2.17168460097976
"1408" 192 3.75210371187133 1.32435880313386
"1409" 98 -0.224442228356238 -1.41717228838268
"1410" 71 -0.500349543720042 -0.0921902524489692
"1411" 11 4.12008166778567 4.98279454523527
"1412" 50 2.14458556870887 0.634983606002179
"1413" 138 0.080135027750997 0.184638634703451
"1414" 4 0.40005697564201 -0.456622352724256
"1415" 60 -2.26753030787743 -1.08700868230882
"1416" 149 -3.74258816569333 -6.40955553500259
"1417" 100 3.79892344517125 -3.20212851879552
"1418" 9 2.45207360600741 2.24261624980349
"1419" 48 1.17768890994017 1.31362370636119
"1420" 28 -1.64212259588826 0.936524196185273
"1421" 173 1.50032834129202 0.294451387731105
"1422" 115 -0.738383589337401 -3.87851346317811
"1423" 103 -2.56706358127321 -2.0951150274898
"1424" 180 0.692827903303389 2.05757454728004
"1425" 53 0.667318633465488 -2.22174488036147
"1426" 34 -3.71940370999862 -1.19344097975572
"1427" 189 -0.882514176284581 -1.40927161125961
"1428" 81 -0.797731552906575 -1.267189832141
"1429" 108 -1.16598927418337 -0.787697291119571
"1430" 173 0.645255044397562 -3.05391400192184
"1431" 38 0.0806316644133575 -1.28634549592851
"1432" 95 -0.0418440068648927 -1.56921857146864
"1433" 173 -0.444325260189859 -1.95542535729604
"1434" 71 1.31841585735069 -0.0364909263356721
"1435" 92 1.71471636789013 1.68572249178693
"1436" 167 -2.94897332877913 0.147072392045142
"1437" 151 -0.829496881228417 -0.184119424685119
"1438" 44 2.85660919499318 2.82078639072058
"1439" 74 0.76907682809514 0.223006906957932
"1440" 184 1.2252765256611 0.243202672015574
"1441" 78 -0.323459123579646 -1.94480616280074
"1442" 44 -0.464780299067623 3.51898661297198
"1443" 197 -1.91564550547811 2.4389041329806
"1444" 128 -0.5088178212898 2.56703569408782
"1445" 143 -3.75254671965128 -7.75590452354523
"1446" 26 -1.26309643591357 3.68650216032481
"1447" 64 1.43961823030178 -0.179567178514185
"1448" 61 -7.69432783939478 0.767724487371984
"1449" 130 -0.389327948191796 -0.4036412521587
"1450" 74 2.19826535226859 4.00792701738979
"1451" 166 1.22735953661746 0.301867522777877
"1452" 60 -2.25696709662842 -2.45038652313644
"1453" 83 -2.48859956276901 1.5478384526867
"1454" 102 -1.46071349018315 -1.14573036990378
"1455" 140 -1.99614442009089 -3.91566052731075
"1456" 162 -2.21242183753073 1.67831590521597
"1457" 15 -2.24678741920548 -1.28931635902679
"1458" 142 0.448890388893502 0.976612400627011
"1459" 8 1.54701711818362 -1.1663560189513
"1460" 185 -1.80343777491683 0.248680745302711
"1461" 42 -2.48912525026748 1.04863096581471
"1462" 162 -0.769492117146053 -4.19975697021363
"1463" 162 0.16294795623314 -0.352364481491916
"1464" 196 -0.302985710318582 -3.83263874454884
"1465" 96 1.15465216842347 0.550321395081546
"1466" 107 -1.96715683880272 -1.20004487475591
"1467" 133 0.107369345484448 1.7461272866626
"1468" 104 -2.1207316622864 1.89196579862615
"1469" 7 -3.10309666777968 0.149064569865634
"1470" 135 -0.014568392392225 -1.76565753042841
"1471" 191 0.726864782431024 0.144189069679005
"1472" 181 0.715617745012744 0.209910456833239
"1473" 191 -1.33785795674282 -3.8283801519749
"1474" 112 -0.573771184581723 -0.181967742560783
"1475" 75 -0.961214942850038 0.0364583272453183
"1476" 15 0.229932420849137 -2.46470000076292
"1477" 197 -0.437209122047981 -1.5263131102228
"1478" 168 2.64411407455735 0.0173035873276737
"1479" 57 -2.44458973892809 -0.533455575358027
"1480" 31 1.37796601623936 -1.68207854806442
"1481" 58 2.71716457266746 -1.77747047078377
"1482" 57 1.56664476282093 0.693942954416624
"1483" 180 1.16292080238312 -1.27338607826176
"1484" 129 -0.325544027261063 2.88124908544073
"1485" 53 0.662055334085855 -3.89384327628588
"1486" 56 -2.8950609399985 -2.4784113535769
"1487" 35 -2.00696588777314 -0.124996054983787
"1488" 102 1.04269411604231 -1.58136029531423
"1489" 77 0.0552221634415171 3.43476857921392
"1490" 79 -2.73952831192757 -4.3983579009899
"1491" 166 -1.21886840372043 1.3976751121761
"1492" 70 -0.356187389387258 1.38031105168787
"1493" 163 2.23384264934752 1.79702153529627
"1494" 162 1.07248438951323 0.610635019903952
"1495" 94 -0.407840191948461 1.67222312785713
"1496" 108 -3.77110576858993 -5.68165732494104
"1497" 119 -1.04888832928958 1.76102822742555
"1498" 53 4.55874909626238 -0.426090836793765
"1499" 6 1.87330955167833 4.63464850964877
"1500" 96 -0.987615214258964 -1.07266840803398
"1501" 112 0.456512295597476 -0.119978858318251
"1502" 175 2.51776825472321 -3.92853118783143
"1503" 195 1.78102168081567 -0.470051982350032
"1504" 13 -1.48052518504079 -2.17541456640646
"1505" 77 -2.32332326709519 -3.49994199829273
"1506" 138 -0.402175528104239 -1.90644567655199
"1507" 112 4.86743352738432 3.35145087124355
"1508" 5 -0.102769855006879 0.560252370197771
"1509" 197 -0.580694832021209 -1.84194626208205
"1510" 35 0.990805738152412 -0.939739058539312
"1511" 51 -1.38681253564016 -2.13742344509622
"1512" 187 4.45410396194013 1.75841133374195
"1513" 105 0.814930349000234 -0.826413532038085
"1514" 110 3.81177989544632 4.19640807219223
"1515" 22 0.746860991621824 -0.661990758792008
"1516" 162 0.314136710485813 -1.33045005039535
"1517" 13 1.87012897514667 0.305495826109019
"1518" 159 -2.22459117325374 -2.67424321754179
"1519" 39 -2.48786478562564 0.780648325720392
"1520" 182 1.48482687328654 -1.59211893000181
"1521" 85 -1.36967684952305 -5.27530383791601
"1522" 171 -2.76626582632651 -2.67043258478181
"1523" 121 0.950554907960451 6.06781626542883
"1524" 77 -1.81025509733233 -4.85092424644731
"1525" 142 1.2655762442384 0.474981184001271
"1526" 163 -2.39789411479274 -0.520720351826343
"1527" 2 -2.46999266778961 -0.443281663268125
"1528" 178 -1.03456803120411 -4.17885709244497
"1529" 26 -2.6207183657941 0.364189580700942
"1530" 157 1.05677587015723 2.58365137110263
"1531" 85 -0.436610443095274 -3.2366309441646
"1532" 163 2.30613004349955 0.959971363241861
"1533" 46 2.46278947439245 -2.56801613269172
"1534" 59 -3.72346690832547 -3.1553748686243
"1535" 190 2.07657952430965 -0.0735058765633232
"1536" 94 -1.53943908409478 -1.35475540842575
"1537" 120 3.21978195363079 2.84654545290408
"1538" 168 -1.05889596472111 -2.03179318077936
"1539" 136 3.37006082652284 6.20351524560902
"1540" 2 1.58108520349801 2.87368228388075
"1541" 10 -2.87346130760016 -0.928321610062792
"1542" 36 -2.37515785253667 -0.270944023588081
"1543" 164 -1.66609355998564 0.279826757539059
"1544" 31 0.391993321777774 -4.42843847841253
"1545" 57 5.04751205889626 2.25744959816262
"1546" 94 1.44195761028499 -2.22343597958886
"1547" 158 2.25381783017571 0.195993077154664
"1548" 9 0.622223579909451 -4.16512253449931
"1549" 99 1.71509458924556 2.54277753954825
"1550" 42 -1.47107747942926 -0.813814843989948
"1551" 83 3.84920676552263 3.01676077278409
"1552" 134 -2.42915079628576 -4.54501662546165
"1553" 125 -0.242525569468546 0.122775284673496
"1554" 159 2.3095828556458 -1.17533278979113
"1555" 14 1.06719152222658 1.3702087236588
"1556" 88 -0.632525959099397 -2.18758149420372
"1557" 145 1.39038701080963 -3.91128882177802
"1558" 171 1.57204113960451 2.72304352691957
"1559" 58 2.98756148589287 -1.50632176354657
"1560" 139 2.30009070768734 -3.14568979452195
"1561" 21 1.14861275704513 5.31936410015638
"1562" 20 -2.32295062605617 -2.1172962226671
"1563" 189 -5.03000799110272 -3.09308058586854
"1564" 120 2.72411690833039 2.05434844952649
"1565" 185 1.70981424555598 -3.12309807936518
"1566" 89 0.509757342124027 -0.272878367754002
"1567" 156 -1.65136452405759 -2.98790944999793
"1568" 149 -2.40105620913978 -1.25318381102564
"1569" 25 0.988129218067243 -1.18556116769155
"1570" 94 4.89762801459123 4.71461785559204
"1571" 152 2.04754642954259 -1.42122199745783
"1572" 131 1.63788448994443 2.25084151261927
"1573" 4 1.53481374166264 2.05145761084441
"1574" 75 -3.28677440266752 -3.0581175078083
"1575" 55 -0.840853983702954 -0.475817151469636
"1576" 24 2.80976174060756 -2.43933410687241
"1577" 76 -0.0517435075903005 -0.679394430228461
"1578" 107 -0.159282958064918 -2.07329754980908
"1579" 153 0.78191986908585 -1.114824139437
"1580" 44 -0.303080581388304 2.18521695235412
"1581" 19 -0.974948167137982 1.73334627973775
"1582" 119 1.66115064718289 -0.74425323152269
"1583" 142 -0.13793005439699 -1.98269055998953
"1584" 148 -2.01043536211013 0.817944308572701
"1585" 75 2.02396059476297 4.56067550952635
"1586" 137 -0.708294077023985 -2.11173620740917
"1587" 62 -3.57957764693103 0.609125635555771
"1588" 56 2.41903840763425 4.13899378994571
"1589" 131 1.64426422639119 3.02237299348191
"1590" 68 1.12166351250449 1.1115453979747
"1591" 85 -1.70005034278437 -2.87753268621731
"1592" 155 0.602063814658514 1.24660328373253
"1593" 28 -2.2709754335347 -2.40228699473659
"1594" 98 2.68951563619171 1.36526040501207
"1595" 30 -3.01562202906077 -1.50369734540164
"1596" 43 -0.649893606727374 1.51268542349348
"1597" 160 -0.525561231988311 1.72861275391503
"1598" 185 1.54006489830591 0.424188435849093
"1599" 163 1.2348517538197 0.956648817153638
"1600" 46 0.435310544059515 1.3961248415734
"1601" 196 -1.3504516398379 -1.28382663863305
"1602" 190 1.22517902510824 0.483330748208488
"1603" 145 2.15117593883526 3.66600335489426
"1604" 174 -2.13002425022095 -0.56467309486563
"1605" 13 2.81907720929359 -0.105070768303971
"1606" 164 3.63880831233567 -2.67082189015549
"1607" 172 2.54374982182422 -4.32870772904241
"1608" 25 0.203913066761877 -2.56340434499243
"1609" 6 -2.44164343194723 -2.25353441671979
"1610" 88 -1.29817156176804 3.29625902749236
"1611" 23 -1.10905643505746 -0.915694669662802
"1612" 158 -0.551575478132392 0.58364659268172
"1613" 13 -1.41679373544157 -5.61327523462043
"1614" 103 2.6050037373693 2.3419553672313
"1615" 74 -1.05801943627457 -0.129581454030642
"1616" 160 0.454869522444286 0.275436502610308
"1617" 32 2.10352655737931 1.61695153339072
"1618" 141 1.0846572911386 2.50053640960183
"1619" 89 -2.47275667972265 -0.597982898445403
"1620" 1 2.44253440353521 2.13392132226973
"1621" 87 1.04016729174214 -3.59456164009438
"1622" 51 -0.432838728906608 -1.43219600158396
"1623" 26 -2.23773437939313 -1.37156882523028
"1624" 63 0.126633292676158 3.14017622505837
"1625" 91 -1.7974365099402 -0.645504193258261
"1626" 172 1.4104770317897 2.13762354693002
"1627" 52 -0.626485463666505 -1.75303341308142
"1628" 107 1.94122782658013 -0.12619630301133
"1629" 152 -1.2375254283498 -3.94030255241587
"1630" 180 -3.95131811429447 -6.50546620118348
"1631" 94 -0.218152030748488 -2.70247922435126
"1632" 39 -0.710027199634375 -1.73573340133985
"1633" 127 0.85892220219526 0.756686484919324
"1634" 194 -2.68030841490508 1.34235144871071
"1635" 84 1.51296409168391 -0.480374004346764
"1636" 110 0.565671434615355 1.98732107591645
"1637" 78 1.40749715886791 2.41067640262473
"1638" 195 0.456090933944848 -0.374334368431486
"1639" 103 1.73898761785748 -2.66584485445978
"1640" 105 -4.27289348973963 -0.420421634761722
"1641" 39 -2.94926485393369 -1.46994431616251
"1642" 196 1.04940814934253 1.67882960738637
"1643" 34 0.93163418416937 0.807955584946562
"1644" 119 -0.290889683378163 -0.557979244171605
"1645" 49 2.68810495533237 2.677898688483
"1646" 33 1.0014416571635 1.81854678825585
"1647" 75 -1.7121030790319 1.8785909781125
"1648" 15 0.0541424809513803 2.32926200571668
"1649" 145 0.767697147898405 1.32091087256381
"1650" 56 1.77074329193417 3.03774561716919
"1651" 81 -0.284814304113813 -0.770415567743839
"1652" 102 2.2369056061413 -1.02243500300841
"1653" 62 -0.627244245699599 4.282628267026
"1654" 167 -0.378049072911766 -0.748990866444603
"1655" 8 -2.51652276995931 -2.94042802156972
"1656" 46 -1.61556205018165 -2.22712939635293
"1657" 124 2.95415772752858 -0.304011106545936
"1658" 153 0.800381327421801 -1.20116627263056
"1659" 25 3.64063546018567 3.22567138574823
"1660" 131 1.31335081656783 5.67887479640884
"1661" 83 -0.387380875882395 -1.19055408995255
"1662" 48 0.14694313036812 2.21578519464034
"1663" 109 -0.740890707365862 -0.335796078746727
"1664" 177 0.225962365318226 -3.58746999562593
"1665" 173 -2.8208266232051 -4.7923954807885
"1666" 145 0.759727457388885 -1.53345580841684
"1667" 8 3.18491310033289 3.90368657058046
"1668" 15 0.521723791113723 1.05295780267506
"1669" 40 2.67290523694916 2.13571807139069
"1670" 158 1.07802105059895 -3.0239321826065
"1671" 139 -0.384243409132646 -1.35441234411351
"1672" 190 2.44273439057247 -1.13781940733733
"1673" 141 0.587457302962319 5.05362463816995
"1674" 186 -0.469003466557087 0.985302669392997
"1675" 113 3.52912892102606 4.98695233609797
"1676" 25 -1.52878872928479 0.499801635416019
"1677" 18 0.234263300771946 2.83092642230504
"1678" 82 0.0816422622161862 -0.372130272827252
"1679" 101 1.172876332206 -1.89712664752781
"1680" 138 0.580475190081746 0.00948962617352606
"1681" 12 -0.197510593146773 -0.72114171471698
"1682" 178 1.26991697967325 -1.32129125091966
"1683" 35 -2.95483475670824 -2.27898768939337
"1684" 49 -0.0790678874854884 0.561250987551877
"1685" 10 0.905341986903387 -1.15644286967915
"1686" 149 -2.2689723473161 -5.01065583641356
"1687" 98 0.303574792283027 -0.92286465348182
"1688" 91 0.978648485613609 -4.19324755836472
"1689" 116 -3.84832264789162 -5.24662839511622
"1690" 66 -2.47741080304093 -3.55215960715897
"1691" 160 -3.98118726591983 -0.225568731627781
"1692" 64 4.45613325724769 3.16827768589574
"1693" 30 1.9928890348774 1.83621199474464
"1694" 33 -1.14428619350371 -0.485338852624401
"1695" 118 -1.97956890225889 -2.69635623323806
"1696" 104 1.21231852537071 1.86445496687931
"1697" 185 -1.17245928385457 -3.06369616354753
"1698" 150 0.540705094711234 -4.04575625461869
"1699" 64 -2.14125425576839 1.82292240292049
"1700" 107 -4.99253147212123 1.4283328225666
"1701" 94 0.177979568884319 2.16785251389403
"1702" 26 2.85069842127055 3.07353802305788
"1703" 191 0.181919088395505 1.36635001470112
"1704" 153 2.08105397933768 -0.330452708539314
"1705" 165 -1.47619336348659 -3.35604725247476
"1706" 47 0.659084693432806 -2.88035412482985
"1707" 55 -0.574033986394065 1.20724274298685
"1708" 176 -1.11110868328645 -0.580836888517391
"1709" 131 -0.898044908104664 0.709175424858912
"1710" 131 0.192388928659983 1.12138706397666
"1711" 29 0.182879281515502 -0.925354882597729
"1712" 6 5.45649818526077 2.43534220302538
"1713" 26 -3.68599778072574 1.1667514829979
"1714" 160 6.51067329387924 5.74212974457745
"1715" 137 2.44655670222223 -4.53801297952362
"1716" 74 1.26675133291021 2.17958949154853
"1717" 98 1.88128902235421 1.20456680956898
"1718" 35 0.890311623235648 1.29465316384501
"1719" 3 -1.82471775081213 0.343430274471851
"1720" 13 -0.161158285152879 -3.60517400063521
"1721" 198 -3.22263060316512 -1.57342784219418
"1722" 32 -1.32861276775665 2.6102545821571
"1723" 190 5.4228786091412 3.8958536143634
"1724" 42 -1.71121051222161 -2.08746071999881
"1725" 13 0.847980847411201 0.352268468286692
"1726" 14 -1.02340800901019 0.697960654542117
"1727" 85 1.05997828210298 0.628249665554812
"1728" 136 0.69258906423221 0.412879349724197
"1729" 28 -0.378022906984344 0.609754423836562
"1730" 110 0.539252257205562 5.08260356412108
"1731" 199 -2.51309054794079 -3.09779999953801
"1732" 4 0.41917928028565 1.15309178815596
"1733" 6 3.02208921202501 2.25966650885825
"1734" 103 1.5274020813991 -4.15255811095293
"1735" 125 2.30336315369081 4.90843356126959
"1736" 84 1.77728455683561 1.69013164681125
"1737" 83 0.964031534521853 -0.401492261297239
"1738" 51 0.681795077756693 -4.56642366834975
"1739" 21 -0.0320541167415817 0.972834174926899
"1740" 190 -0.894381735439122 1.14175143835656
"1741" 9 1.09695063465956 4.18170288729115
"1742" 10 -3.00178585277312 -0.4692159016988
"1743" 6 -3.35058187256824 -3.34789261678778
"1744" 48 1.1434282820712 0.712752677004637
"1745" 67 2.47148331834329 1.08645194488199
"1746" 59 1.24563473854497 1.45004129323269
"1747" 76 -1.08147171949376 -0.593982444047414
"1748" 92 -0.0104516228266953 -1.49442103925875
"1749" 43 -0.139778245495126 -1.76705057539911
"1750" 62 -0.288881060008843 -0.407168198935
"1751" 9 1.83843224330181 0.130175747201254
"1752" 96 0.902965311553097 0.883049828942475
"1753" 177 1.68621223439827 -0.16037458678511
"1754" 179 3.01437732643683 1.92577373238326
"1755" 74 -0.236684436414888 -1.40651902705854
"1756" 156 -3.68835681861918 -5.57142403966921
"1757" 199 0.65291171364205 3.17355612166637
"1758" 140 -2.65436855945189 -5.11483855516472
"1759" 119 0.325972427419081 0.698534676862534
"1760" 111 1.72076201562616 -1.96027771392189
"1761" 138 -0.393794500977423 -1.2300417981841
"1762" 190 -0.28214157612359 -0.132486367504677
"1763" 88 -1.14976215280299 0.183559514812751
"1764" 30 -1.67743138289139 -1.47771234675343
"1765" 125 2.15579980633603 2.24561524322047
"1766" 193 -2.41462948527276 -3.2770619259356
"1767" 42 1.49493117704845 3.96579933082999
"1768" 89 0.649919071312388 -0.0182120667740122
"1769" 75 -3.84862063973663 -1.62627246338661
"1770" 26 1.98621033350865 -1.43076992977046
"1771" 181 -5.26308115802111 -4.79381239714943
"1772" 183 0.0452153439800176 -3.23100706079695
"1773" 53 2.43084102861693 -2.32985879511011
"1774" 180 -1.21563756409894 0.432332218143245
"1775" 100 0.455758172498338 -1.48328571708553
"1776" 121 0.551954787223119 4.02939689574542
"1777" 134 0.697617736358825 -0.471489297369525
"1778" 185 0.790003112331723 2.85501288272699
"1779" 44 3.30367176895311 3.66464195427834
"1780" 159 2.70662173026646 1.27186484454346
"1781" 27 0.354475571466166 -3.35421468861225
"1782" 184 2.7717894885977 1.35971631397996
"1783" 76 -0.184251810141074 -1.05846583731003
"1784" 171 0.852705968181931 0.994346856188079
"1785" 38 0.494072395796265 2.91780691990204
"1786" 61 0.195159028786896 1.98729755445252
"1787" 123 0.0747749010609208 -3.99470628819758
"1788" 157 1.91409418568481 -1.38694487667297
"1789" 85 3.46567608791617 -2.14756220239071
"1790" 75 0.561802088722964 1.97235545249066
"1791" 174 0.954343745326825 -2.11776089612755
"1792" 94 -0.973520913528672 -1.72642622066787
"1793" 62 1.54367829787465 3.24244049565358
"1794" 12 0.651375740979914 -1.65264055311681
"1795" 101 1.32480065933003 -0.272800639818635
"1796" 17 1.84875672355137 0.368621344647816
"1797" 23 -0.272398683342968 -1.53705994965611
"1798" 71 1.12121752026879 1.41352637775347
"1799" 28 4.06082685492279 2.69147696223456
"1800" 171 -1.68433068989629 2.40123796273114
"1801" 191 3.76581375287456 -0.680236476260162
"1802" 35 2.66586675098251 2.60797216839871
"1803" 83 2.22268802120449 2.99164987923294
"1804" 66 4.33670901332306 0.431447260589871
"1805" 46 -2.03445609404548 1.71597388764101
"1806" 127 -6.05192596237938 -1.76968190339822
"1807" 60 0.893939919964213 4.22656355696081
"1808" 180 -2.31600059926777 -1.55487474110053
"1809" 144 0.391691029857869 0.791845450888219
"1810" 152 4.87958937304711 0.721060095137818
"1811" 92 3.76280660975238 0.618043759926621
"1812" 85 -1.14402394311624 -2.75502198032196
"1813" 147 -1.26481362475358 1.77417752565725
"1814" 111 -1.80763603068037 -2.61651334840759
"1815" 64 -2.21681001584998 -3.35890915829171
"1816" 79 3.09532885685506 -2.14299463840466
"1817" 121 -1.87583811151442 -0.427009022624915
"1818" 193 1.7972228032981 -1.23489705444418
"1819" 46 -0.397319871874722 -0.412069464519428
"1820" 61 0.454989211507219 -0.82585010821626
"1821" 17 0.488160866934929 -3.87330318635196
"1822" 94 -1.17059074505346 -2.49259944626654
"1823" 39 -0.115861280518476 0.264064476941514
"1824" 175 -1.57582712396347 -3.57129632599053
"1825" 85 3.05836704831978 0.985324618402057
"1826" 131 1.8945171668115 1.88612772614794
"1827" 152 -4.34992407497679 -0.302915699000087
"1828" 130 -1.42188431373354 -7.34101877287657
"1829" 83 -1.56547341544818 -5.41026465884537
"1830" 3 -1.30095383222772 -1.27443266502172
"1831" 98 -1.24668165488208 -2.80819342224751
"1832" 173 0.806050657496677 -0.883309763027804
"1833" 167 -2.8907011278234 0.252802266460243
"1834" 28 -2.41720683096098 2.31747210748564
"1835" 77 1.98121656582487 2.98085478298284
"1836" 106 -1.50389581792877 1.40204053007018
"1837" 36 -0.537003616916298 -2.36329484729059
"1838" 120 3.28839818171869 0.400397885312078
"1839" 136 -1.52342287246587 2.5447488677627
"1840" 33 -0.977368411342462 -0.742999917145418
"1841" 83 0.515540585184764 -2.52292309578863
"1842" 43 -0.185845100028285 -0.873090281879884
"1843" 80 -2.44367178612056 3.6181506863345
"1844" 160 -1.33759507254804 2.05493562709674
"1845" 38 -1.78257264385127 1.50915673368825
"1846" 65 -1.36581924037568 -0.43973092833665
"1847" 24 1.9849986788879 0.410202025263699
"1848" 75 -1.5825390130825 0.615509261563303
"1849" 180 0.96644458186162 2.87095283309353
"1850" 81 -0.0563349390803492 -0.247054753232969
"1851" 57 -2.77726369321907 -4.05158674179955
"1852" 23 1.43008742516144 2.59431810563208
"1853" 190 -0.701667596395888 -1.13788426217536
"1854" 32 -1.41347182167193 -2.73472115953133
"1855" 67 -2.5690658153254 -2.04464380892424
"1856" 116 -1.09075117956201 0.225950041086879
"1857" 20 -3.00019172369985 -0.503358835359388
"1858" 3 -2.26105802937448 4.52496494374239
"1859" 117 -1.61727161990455 -2.24087851297033
"1860" 19 -0.359405582698704 1.66805852025386
"1861" 112 -2.1498783071492 -0.184644597015592
"1862" 153 0.881879516751239 0.962979344958534
"1863" 91 -1.90851873795118 -0.607663706784744
"1864" 98 2.25617854042599 2.07590851254147
"1865" 173 -1.07802544532757 -0.34396072910316
"1866" 108 -2.11892875075455 -1.83665584479871
"1867" 138 0.536841474504053 -0.411433090433587
"1868" 90 0.0479896963071756 1.86623493146391
"1869" 63 -1.38666945665851 0.537205363009857
"1870" 82 -0.907459911268056 -1.43655823601716
"1871" 151 0.382089371000785 0.48209201128792
"1872" 6 -1.8151039316239 -4.19281203404873
"1873" 4 -1.28471433054256 -1.60800306426181
"1874" 180 -1.09123790361938 -0.344357643274698
"1875" 170 -1.0292412286865 2.1326146944587
"1876" 7 -3.32178502175209 -4.32966513292338
"1877" 125 0.973350948758374 0.700763610503438
"1878" 75 4.41254063422864 1.75677104860825
"1879" 179 0.567866699712705 -0.152973841754305
"1880" 27 -1.66497853659157 -0.466779097661754
"1881" 78 2.60622248222016 1.02115295929668
"1882" 180 -0.419136324139785 -0.20922014435656
"1883" 20 -2.34003465711317 -2.40285216461032
"1884" 36 0.202315811485342 -1.1217468592447
"1885" 165 -0.680535097036687 2.44830976154435
"1886" 58 1.14859962668656 -1.53676418460162
"1887" 168 -2.17685119924808 -2.25387942427669
"1888" 1 -1.57877523792251 2.47333702012209
"1889" 85 1.6167753542694 -1.0314947932594
"1890" 82 -0.876994790006251 1.83642765431406
"1891" 29 -1.63514313395945 0.371002868387759
"1892" 117 -0.933697074167411 1.1464150093325
"1893" 177 2.49877972802671 -0.500161903788049
"1894" 154 -3.38608575319039 -1.43217942661156
"1895" 179 -0.913515249298383 -5.71896129785826
"1896" 20 -2.21819885590469 -1.40609542017767
"1897" 71 0.656276388754404 1.95759174111261
"1898" 168 0.270121872543422 1.78645969448517
"1899" 82 -3.94702510699592 0.462405329669621
"1900" 55 -1.49042876388385 -0.832132220075727
"1901" 52 0.736731092247222 1.32125004016706
"1902" 131 0.0837049598878608 -1.88902089268111
"1903" 74 0.966540983549701 2.03124746320697
"1904" 47 1.75736158658595 2.50255975374083
"1905" 158 -2.68081036100615 -1.39471198957509
"1906" 15 -3.97945557166521 2.67727481463829
"1907" 57 0.781172477317604 1.88845728233481
"1908" 200 -0.895079906178933 -4.49356630027641
"1909" 63 2.84358368472614 0.749405401543124
"1910" 32 2.12541257012357 1.80023334650624
"1911" 106 -1.77575421304152 -1.85097015014408
"1912" 73 2.89591706880197 5.2784241035141
"1913" 126 -1.05961009739741 -0.0417332872757404
"1914" 116 1.23532598577403 2.52161122206661
"1915" 31 -0.957048682697813 -2.74626532333478
"1916" 150 -1.75824007908004 -2.13260130837364
"1917" 114 -0.0580466987925788 1.6069680302289
"1918" 111 2.56693042493335 -0.727482779058409
"1919" 144 -1.76095729116248 1.69244068659593
"1920" 148 -0.252571829441093 0.597436030795611
"1921" 71 0.574477340435534 2.84202468122885
"1922" 188 1.27996134713053 1.99603486823589
"1923" 195 -1.55051772657936 -3.91970300040285
"1924" 118 1.49703603005565 0.0479264163034605
"1925" 2 4.21570757404664 5.25440591471878
"1926" 59 -0.664228875975194 -1.00859722738865
"1927" 167 -1.81416347833358 -3.40249505957938
"1928" 112 0.987991179039588 3.48229358704784
"1929" 147 1.27668122086297 3.7818666322546
"1930" 165 1.39638646682502 1.82356460508186
"1931" 138 -2.97076677927753 -4.91398703903604
"1932" 161 1.05369830845767 0.989101824473655
"1933" 78 -3.47889780065854 -4.66892139137885
"1934" 125 0.993160151530905 1.70802827141743
"1935" 166 -4.56149089844526 -5.17470342035185
"1936" 130 -0.812122357724868 -1.84750469616522
"1937" 67 0.719320012242305 -1.02744334377191
"1938" 198 2.23480092798324 1.17033521527313
"1939" 50 0.118645945839953 -1.10222875074545
"1940" 7 -1.44087548164853 1.48252891239306
"1941" 182 -0.563819225512468 1.70110323778127
"1942" 79 -2.21277232991144 -2.2000731601974
"1943" 117 2.68143873764386 -0.258899923607325
"1944" 103 2.52346842139136 -4.58629829755693
"1945" 27 -3.23095552620274 -0.459115375718592
"1946" 57 0.509899510814736 1.53481283305078
"1947" 81 -0.697924814905701 -0.599578902821161
"1948" 171 -2.25253546146924 -3.83907050921851
"1949" 90 -0.655912343350694 -2.8448535264761
"1950" 174 2.60294432088425 4.96473036654847
"1951" 25 -1.92595105398504 -2.07062720642653
"1952" 138 0.284912959219564 1.56549351625026
"1953" 151 3.10383933960451 -0.0033288389002113
"1954" 155 -1.06401152289433 0.238731294797776
"1955" 117 -3.6432739060219 -0.638041083873037
"1956" 153 -1.0577652246349 -1.36517202588606
"1957" 16 2.68057609644508 1.72327202537955
"1958" 45 -2.62914058779504 -2.58493998649197
"1959" 147 2.13272060512493 -0.977153026943951
"1960" 129 -1.32841861579645 0.262789648041102
"1961" 97 2.6091457144615 2.57576282206454
"1962" 20 1.44891408079902 2.94655416453005
"1963" 12 -1.50734056226419 2.78331223613061
"1964" 182 -1.36906361055078 0.29859953641187
"1965" 127 5.86449668794938 2.02052225650074
"1966" 70 -0.372268069597144 -0.0333601481813286
"1967" 73 4.43446604797722 7.0492675266525
"1968" 23 2.50428808562235 1.26093590381139
"1969" 1 0.254076044071225 0.462087878625139
"1970" 66 1.10584599012121 1.40389400353128
"1971" 17 -1.66810663530139 -3.38601475725104
"1972" 20 -1.30183390932147 -0.476364410957526
"1973" 138 -2.10455268694546 -4.64363239348041
"1974" 196 -2.20939260650342 0.170984266106001
"1975" 49 -1.4747870183571 -3.45430872404218
"1976" 74 -0.810022743901568 -6.54127687516177
"1977" 38 -0.281345197576329 -0.415438165018791
"1978" 11 -0.0381985032800069 -3.20148059415601
"1979" 114 0.0236835124845797 2.73462515247084
"1980" 11 0.682878828409411 -1.22832069038845
"1981" 27 -0.143697755961344 0.454960864911596
"1982" 195 3.30774601697388 -1.51251507279759
"1983" 5 0.592713615470782 1.23514437005193
"1984" 48 2.88047431197872 5.1461913729289
"1985" 173 -2.61497347558236 -1.99670949400865
"1986" 37 1.56187739215074 -0.666620169771674
"1987" 74 0.932039857195564 -0.651200854170567
"1988" 99 1.86271838224905 1.47092988483535
"1989" 131 -0.379037097024365 -2.08319262726744
"1990" 183 -3.12432391506009 -2.61480622432772
"1991" 112 4.05056503019917 5.0497539113724
"1992" 191 0.0944471321767344 -1.1397229339901
"1993" 5 2.07168805376734 -0.268726666257081
"1994" 76 -0.511045421744083 -1.08355093151398
"1995" 184 0.721138179955873 -3.81059123471193
"1996" 181 0.126189985619532 -3.0777527039245
"1997" 178 -1.44811052399017 -1.8984054235487
"1998" 164 2.07652335410448 -0.449579637832987
"1999" 163 -2.63830756713714 -1.06924926857091
"2000" 75 -0.501843416673231 3.60834553345568
"2001" 67 0.151603663173975 -2.52771253000006
"2002" 14 2.1390297630614 2.49410512727008
"2003" 146 2.10410438524503 2.83480359848112
"2004" 186 -4.37009603390038 0.739475242193699
"2005" 175 -4.83102998917895 -5.06042890457442
"2006" 47 1.62929611887684 1.90478740641268
"2007" 88 -0.925828747612009 2.76948970413758
"2008" 21 0.279801209734308 1.18313954941268
"2009" 121 0.395419577580799 2.3324964507496
"2010" 17 1.73619501196823 -0.772030426831321
"2011" 159 2.21668121712269 1.96665039761773
"2012" 45 1.42829337805358 3.66295296953523
"2013" 114 2.43161661403906 1.12741134041941
"2014" 174 -2.31510554342501 0.0112459293266001
"2015" 52 -1.93619559936612 -2.04326801863645
"2016" 19 2.24904739379098 2.78836040796249
"2017" 135 -4.03895567846257 -0.37097285238401
"2018" 32 0.062649738734348 -1.54703685433257
"2019" 121 -5.82718057941789 -2.42809302697521
"2020" 148 0.0850520409579144 1.32629511895767
"2021" 70 0.104730479410011 4.231811566396
"2022" 150 3.86711814322331 -3.22075431986597
"2023" 37 2.4420538201761 -0.546322667374474
"2024" 175 -2.8375595179626 -6.2474056131439
"2025" 48 1.18636866900366 -0.637588066106759
"2026" 149 1.00413663876305 2.76108228728977
"2027" 182 -3.29739647318889 -2.44710289685004
"2028" 142 -0.557935496530374 0.772760433173313
"2029" 131 0.586558213962646 0.344575915835734
"2030" 13 -0.721683392266093 1.10090089055269
"2031" 136 0.813129063941585 0.958967756460124
"2032" 144 -1.32106924183242 0.103258102087236
"2033" 42 0.286880195222177 1.09838939977667
"2034" 90 -1.8794646792971 2.12247772024942
"2035" 153 -0.246602472460494 -0.698344838018969
"2036" 113 -2.67017091650649 -4.53569708436621
"2037" 47 -0.79286076857403 -1.68155763550554
"2038" 78 -0.594860091325678 -0.124609225551143
"2039" 67 -0.326670687490675 0.0784541674850273
"2040" 17 0.266660957630078 -1.05209514428196
"2041" 67 0.481831603722492 -2.74883174174482
"2042" 186 -0.814627994263624 1.55825277310844
"2043" 74 -3.08368476870731 -1.37350695240854
"2044" 23 -2.30602586077598 -3.49706788625396
"2045" 60 -2.52342486763321 -1.67728574224512
"2046" 114 3.12696126082905 6.09965893978317
"2047" 46 -0.0588163088265364 -1.83697400127653
"2048" 100 -0.347539195594918 -0.0645356841039495
"2049" 101 0.833411914928992 -4.11498816892475
"2050" 84 1.05430246342833 3.83030916295966
"2051" 130 1.27451948887247 0.136246953236867
"2052" 43 2.38683658486936 -0.685892602359908
"2053" 149 1.61645741882877 -1.60303051320184
"2054" 186 -0.536445739377918 -0.668742763700055
"2055" 126 -2.33966475078541 0.516325486732788
"2056" 48 -0.51794511007837 3.5396228676513
"2057" 60 -0.417207389624369 0.580328515998189
"2058" 108 1.27860265053574 4.12662851398156
"2059" 161 -0.430764578006326 1.44931268046421
"2060" 66 1.18215113276706 2.45742019768661
"2061" 190 -0.989842245144241 -0.694876528355385
"2062" 49 -1.46391865939041 -1.47532187275936
"2063" 25 2.1544158948346 0.828122513211148
"2064" 133 -0.15653604479894 -0.712552305804946
"2065" 48 2.33981086082896 -1.11502768233478
"2066" 48 2.27173479694932 -2.29777400664882
"2067" 65 -3.2158387401535 -3.14923221394755
"2068" 100 2.67502709234344 -0.165673852592889
"2069" 2 0.0955139561768303 0.200915279534247
"2070" 179 -0.264658023571731 -1.03132450360183
"2071" 102 0.419128175270657 -2.03562844502914
"2072" 3 2.09298351112901 1.93474556339835
"2073" 35 3.86985355869747 3.42676658243571
"2074" 44 2.29069476825782 2.15584107374046
"2075" 122 0.947304247095138 -2.33982870793686
"2076" 5 -1.44364227945968 2.43823804674877
"2077" 64 -3.71615167302333 -2.6752092442987
"2078" 192 -3.35743408254668 1.15207366107862
"2079" 140 0.77416695440317 2.70566832746932
"2080" 148 -1.04105413836167 6.19725552054684
"2081" 183 -2.70396789893634 -2.94840711200159
"2082" 99 -5.10036652456281 -1.00977652529704
"2083" 141 0.425534178873439 2.10156207990273
"2084" 130 1.24764942531031 -2.62314233770122
"2085" 19 -1.39866023800444 -2.64256479422284
"2086" 167 -2.95421330177999 -0.821208206341998
"2087" 66 0.456876880812764 -0.871973624913584
"2088" 99 3.42061562268198 2.04497591088453
"2089" 133 -2.70314456633966 -2.16884441589665
"2090" 14 -3.92672547766235 -4.03028314229182
"2091" 92 1.1636834747019 -1.49641350537957
"2092" 5 1.15827192372768 1.8902352022563
"2093" 188 0.861889308411932 1.35570395838564
"2094" 10 2.10291851416267 -1.11899621731105
"2095" 142 2.45151225364527 -1.86174608657245
"2096" 121 -2.35805386313776 -0.176285995450682
"2097" 112 0.030051579090492 2.3586333389394
"2098" 149 -2.10502258087015 -4.70629283766946
"2099" 128 5.18676797313409 0.208684975930889
"2100" 41 -2.32659107912706 0.208051604253845
"2101" 43 -3.61171636346325 -0.184320647225154
