"h0" "h1" "h2" "h3" "h4" "h5" "h6" "h7" "h8" "h9" "h10" "h11" "h12" "h13" "h14" "h15" "h16" "h17" "h18" "h19" "h20" "h21" "h22" "h23" "h24" "daytype"
"2023-01-01" 22.837 22.216 21.104 19.957001 19.267 19.176001 19.600999 20.233 20.278999 22.27 23.948999 25.823 26.822999 26.021 24.949999 24.292 24.128 26.518999 27.762 28.454001 28.377999 27.176999 25.738 23.511 21.939999 "Holiday"
"2023-01-02" 21.939999 20.389 19.465999 18.938001 19.034 19.959 22.930001 27.081999 30.609 33.796001 34.737 34.972999 34.548 33.853999 34.041 34.146001 34.140001 36.118 36.372999 36.670999 35.586 33.139001 30.356 27.426001 23.508001 "Working day"
"2023-01-03" 23.508001 21.927999 20.985001 20.482 20.556999 21.426999 23.964001 28.144 32.303999 35.599 35.857 35.690999 35.175999 34.603001 34.653999 35.273 35.145999 37.274999 37.644 37.735001 36.089 33.471999 30.223001 27.138 23.631999 "Working day"
"2023-01-04" 23.631999 21.541999 20.470002 19.985999 19.935999 21.01 23.899998 27.916 32.057 35.303999 35.476 34.568999 34.170998 32.396 33.009 33.400001 33.934001 36.540999 37.158001 37.382 36.029999 33.173 29.757 26.869 25.740999 "Working day"
"2023-01-05" 25.740999 23.556 22.421 21.799 22.030999 22.940999 26.201 30.525999 34.422001 37.485 37.450999 36.410001 35.735 35.072001 34.995999 35.548 35.638999 37.528 38.38 38.279 36.676 33.927 30.913002 28.308 25.464001 "Working day"
"2023-01-06" 25.464001 23.703999 22.522001 21.666001 21.436999 22.035 23.269 24.993 26.079 28.102001 29.158 30.145 30.688001 29.603 28.307999 28.735001 28.840001 30.800001 32.277 33.118 32.574 31.157999 29.234 27.021001 24.508 "Holiday"
"2023-01-07" 24.508 22.354001 21.208999 20.393 20.16 20.934 22.935 25.38 27.538999 30.262 31.364001 31.303999 31.193 30.865999 30.556001 30.779 30.912 33.210999 34.781001 35.552999 34.445999 31.637001 29.046 26.775 24.766001 "Holiday"
"2023-01-08" 24.766001 22.554 21.290999 20.357 20.022001 20.683001 21.79 23.336 24.316001 27.646 29.951 30.555001 31.454999 30.874 29.815 29.637 29.555 30.976 32.896 34.261 33.572 32.038 29.626999 27.018 24.442999 "Holiday"
"2023-01-09" 24.442999 22.771 21.968999 21.7 21.857001 23.793999 28.945999 36.082 41.447001 44.572001 44.999 44.810999 44.084 44.242001 43.812 43.725 44.006 44.99 44.976 44.304999 43.056001 39.837 35.889 32.672 29.081 "Working day"
"2023-01-10" 29.081 26.951001 26.060001 25.597 25.549999 26.660999 31.267 38.562001 43.754001 46.419 46.874998 46.772999 44.797 43.287998 43.039 42.683999 43.223001 44.604001 45.208999 45.291002 43.649 40.485001 36.098 32.547999 29.385 "Working day"
"2023-01-11" 29.385 27.439999 26.425001 25.979 26.127999 26.910999 31.445999 38.746 44.268998 47.212 47.385 46.02 43.944 42.960001 43.287 43.731999 44.06 45.312001 45.273001 44.575 42.813 39.733999 35.886999 32.646 30.062 "Working day"
"2023-01-12" 30.062 28.301999 27.016001 26.527 26.448999 27.465001 31.972 39.029 44.421999 47.665999 48.068 47.221 45.938999 44.675999 44.397998 44.632 44.588999 45.553998 46.167 45.963001 44.096999 40.871 36.939999 33.501 29.763001 "Working day"
"2023-01-13" 29.763001 27.389 26.504 26.309 26.582 27.729 32.072 39.928999 45.422 48.806 47.817001 47.597 46.109 44.210001 44.812999 45.356 45.259 46.097001 46.755001 46.528 44.136 40.465 36.891999 33.446001 29.699999 "Working day"
"2023-01-14" 29.699999 27.248 25.828 25.241 25.170001 25.457001 27.146 30.693 33.192001 36.291001 36.396999 35.775 34.558 33.920999 32.705 32.322 32.281 34.866001 37.639 38.435 37.068 33.789001 31.336 29.092999 26.965001 "Holiday"
"2023-01-15" 26.965001 24.945 23.41 22.656001 22.388001 22.656 23.735 24.948999 26.2 29.061 30.591001 31.991999 32.819999 31.791 30.755999 30.295 30.283999 32.005001 34.284999 35.540999 35.051 33.195 30.886999 28.259999 25.143001 "Holiday"
"2023-01-16" 25.143001 23.443001 22.817 22.674 23.237 25.266999 30.758 38.489 43.889 47.256001 47.756999 46.794 45.952001 44.826 46.065 47.034999 47.216001 47.549 46.863001 46.667 44.887 41.883999 37.624001 33.650001 30.520999 "Working day"
"2023-01-17" 30.520999 28.364999 27.325 26.895 26.923 28.201999 32.829 40.241 46.138999 48.695 49.408 49.835999 47.859001 46.047999 46.418 47.281 47.606 48.096 47.924001 47.357 44.821 41.947999 37.542 34.152001 30.998 "Working day"
"2023-01-18" 30.998 28.75 27.619999 27.368 27.159001 28.606 33.32 40.419999 45.507001 48.657999 48.238001 48.234999 46.792 44.678 46.146001 47.057 47.204 47.811 47.952 47.636999 45.112001 41.854001 37.754999 33.969 31.085001 "Working day"
"2023-01-19" 31.085001 28.351 27.205 26.891001 26.933001 28.063 32.502 39.552 45.148999 48.021999 49.978001 48.834 47.530999 45.478001 46.532001 47.153999 46.873 46.981 47.205 46.887999 44.666999 41.337999 37.252 33.854999 30.473999 "Working day"
"2023-01-20" 30.473999 28.344999 27.403 26.901001 26.842001 27.965 32.498001 39.448999 45.116 47.797 47.831999 47.186 45.673998 43.713001 44.77 45.490999 45.458 45.943 46.374 45.904999 43.669 40.51 36.390999 33.276 29.782 "Working day"
"2023-01-21" 29.782 27.444 26.177001 25.637 25.446999 26.001 27.733001 31.116999 33.917 37.412 38.625999 37.808 36.806001 35.268 34.049999 33.247 33.276 35.286 38.139 39.013 37.649 34.488001 31.757 29.136001 26.800001 "Holiday"
"2023-01-22" 26.800001 24.854999 23.625 22.917001 22.453 22.728 23.782 25.316 26.842999 29.951001 32.202 33.304001 33.406 32.381 31.549 30.880999 30.121 31.957999 35.07 36.007998 35.503 33.406999 31.038999 28.495 25.847 "Holiday"
"2023-01-23" 25.847 23.826 22.976 22.577 23.075 24.960999 30.376 38.212999 44.594 49.020999 48.987 48.858001 48.250001 46.951999 47.838999 47.742001 47.463001 47.211 48.053 47.461001 44.972 41.624999 37.543001 33.909 30.721 "Working day"
"2023-01-24" 30.721 28.644999 27.627999 27.006999 27.387 28.848 33.230001 40.173999 46.402 49.363 49.452 48.046001 47.105999 46.658999 46.523999 46.405 46.06 46.490001 47.613 47.501 45.312001 41.909001 37.735999 34.318 31.001001 "Working day"
"2023-01-25" 31.001001 28.647999 27.696001 27.491002 28.002001 29.216001 33.516999 41.050001 46.751 49.706001 50.339999 50.791 48.252001 47.04 47.76 48.008 47.286001 47.231001 48.385 48.197 46.571999 43.321001 38.582 34.841001 31.128001 "Working day"
"2023-01-26" 31.128001 28.879999 28.416 27.885 27.85 29.011 33.555999 40.558 46.084 49.415 49.418999 49.994 47.597 46.123 47.494999 47.728001 46.639 46.68 47.593001 47.425 44.834999 41.696 37.554 33.671999 30.665 "Working day"
"2023-01-27" 30.665 28.469 27.562 27.04 27.256001 28.35 32.552999 39.707999 45.376001 48.745 49.714001 50.525999 48.676998 45.608001 46.702999 46.412 44.922001 44.652 45.954 45.827 43.675 40.379999 36.639 33.328 30.544999 "Working day"
"2023-01-28" 30.544999 28.077001 26.917 26.427001 26.152001 26.717 28.490001 31.97 34.548 37.788 39.363999 39.168 37.637999 36.197 35.214 34.618 33.873999 34.806 37.836001 38.506 37.125 34.118 31.771999 29.359 27.276 "Holiday"
"2023-01-29" 27.276 25.160999 23.644 23.108999 22.791 23.199999 24.357001 25.972 27.419001 31.441 33.386 35.038 35.321 33.005999 32.169 31.615 30.085001 30.709 34.853 36.454999 35.933 34.281999 31.919 28.908 26.277001 "Holiday"
"2023-01-30" 26.277001 24.435999 23.821 23.736999 23.888001 25.405999 31.038999 39.335001 45.490001 50.094 50.737 49.069 47.011 46.434 47.341001 48.196999 47.006 46.35 47.916001 47.656 45.521999 42.665002 38.381 34.747999 32.193999 "Working day"
"2023-01-31" 32.193999 29.711 28.63 28.406 28.531999 29.967 34.748001 41.932001 47.810001 51.224999 50.836999 49.601 47.728999 46.466 47.077001 47.449001 46.798998 46.666999 48.416 48.392001 46.589 43.421 39.093 35.385 31.901 "Working day"
"2023-02-01" 31.901 29.922001 28.74 28.372001 28.267001 29.733 34.535 41.672999 47.079999 50.062 49.686 48.699001 47.474 46.063002 47.119001 47.804001 47.483001 46.487999 48.186 47.89 46.283 43.065001 38.853 34.98 31.089 "Working day"
"2023-02-02" 31.089 29.169 27.971 27.690999 27.786999 28.818999 33.442999 41.277001 46.638 49.045 48.759 48.164999 46.936 45.353999 46.792999 46.56 45.966 45.638 47.734998 47.989999 46.028001 43.158999 38.904 34.926 31.572 "Working day"
"2023-02-03" 31.572 29.198 28.134 27.65 27.748999 29.351001 33.966 40.897001 46.292001 49.089 48.646 47.260001 44.968 43.757998 45.227 45.762999 45.273999 44.331999 46.293 46.534 44.872 41.491 37.66 34.107 30.856001 "Working day"
"2023-02-04" 30.856001 28.180001 26.747998 26.171 25.975001 26.302 28.328001 31.512001 34.034999 37.016 37.704 36.502 35.389 33.695 32.359999 33.011 32.752999 33.766 36.827001 38.198999 37.115 34.340001 31.676 29.253001 26.66 "Holiday"
"2023-02-05" 26.66 24.437999 23.414 22.906 22.497 22.998001 24.219 25.332 27.461 31.88 34.277999 34.099999 33.661 31.376 30.607001 30.105 29.583001 30.385002 34.477 35.618001 35.072999 33.365 31.142999 28.462001 25.992 "Holiday"
"2023-02-06" 25.992 24.314999 23.287 23.014999 23.299001 25.092 30.665 37.625 43.458 47.851 48.943001 48.697002 46.455 45.566998 45.571001 46.691001 46.565999 46.466 47.888 47.858999 45.785999 42.181999 37.52 33.726 30.797 "Working day"
"2023-02-07" 30.797 28.590998 27.355001 27.046999 27.346 28.687999 33.309 40.737 46.59 51.259 51.708999 50.684 47.718001 46.168 47.370999 47.648 47.081001 46.290001 48.795 48.958 46.58 43.237001 38.989001 35.280001 31.685 "Working day"
"2023-02-08" 31.685 30.047 29.061 28.508 28.728 29.987 34.634 41.772 47.962999 52.062001 51.777002 51.043999 49.671 48.925001 48.851 49.913 49.188999 48.158 50.26 50.239 48.011999 44.240001 40.041 35.731 32.372 "Working day"
"2023-02-09" 32.372 30.519999 29.331 28.775 29.068001 29.989999 34.907 42.304001 48.333001 52.119 53.424999 53.065 51.238 49.902 50.733999 50.256001 50.010001 49.161999 50.832 50.693999 48.569001 45.117999 40.205002 36.523 32.921 "Working day"
"2023-02-10" 32.921 30.606001 29.250001 28.613001 28.837998 30.379999 35.159999 42.474 48.476001 52.819001 53.408999 52.488 50.782 48.877 48.905 49.063 48.243 47.269 49.474 49.943001 47.596998 43.523999 39.137 35.639001 32.108 "Working day"
"2023-02-11" 32.108 29.540999 28.3 27.578 27.009001 27.691001 29.626001 33.458001 37.009 41.244 41.712 40.238 39.463 36.355999 34.561 35.277 34.350999 34.629 38.509 40.115 39.259999 36.652999 33.542 31.206 28.907999 "Holiday"
"2023-02-12" 28.907999 26.916 25.493 25 24.410999 24.392001 25.692999 26.702 28.851001 32.657001 34.400999 34.599 35.080001 33.294 31.942999 30.651 29.926 30.265999 34.378 36.198 35.683001 34.185001 31.974998 29.234 26.903998 "Holiday"
"2023-02-13" 26.903998 25.145 24.380999 24.06 24.567001 26.163999 31.314001 38.563 44.894002 48.61 47.622 46.725 44.348 43.308001 44.302 44.868999 45.310999 43.559999 46.481 46.907 45.076001 42.825999 38.523 34.508 30.876 "Working day"
"2023-02-14" 30.876 28.872 27.729001 27.717 27.505 29.317 33.704 40.534001 46.368 49.713 48.458001 47.543 45.74 43.715001 45.229 46.278 46.209 45.367001 47.335999 48.144 45.91 42.45 38.653 35.263 31.414 "Working day"
"2023-02-15" 31.414 28.9 27.880999 27.651999 27.801001 29.047 33.726 40.674999 46.428 49.736 49.281999 48.488 46.159 44.068999 44.989999 46.074 45.466 44.973001 47.221999 48.01 46.255001 43.244 38.689998 34.980999 31.584999 "Working day"
"2023-02-16" 31.584999 28.940001 27.756999 27.441 27.944999 29.281 34.423999 40.99 45.873001 48.118 46.939002 45.588 44.023999 42.998 43.623001 44.735999 45.126001 45.471999 46.810001 47.388999 45.604 42.394 37.937999 34.201 31.199001 "Working day"
"2023-02-17" 31.199001 29.028999 27.633 27.422999 27.327 29.072999 33.695 40.232999 44.805 47.131999 47.828999 46.879999 45.041999 42.807 43.279 45.035 44.485 43.22 45.368999 46.153001 43.777999 41.277 37.171 33.856001 30.599001 "Working day"
"2023-02-18" 30.599001 27.969 26.952 26.504 26.297 26.895999 28.724999 32.094 34.949001 37.506999 37.664999 36.654 35.579 34.233 32.925 32.627 32.833 32.900999 36.259002 38.510999 37.416 34.675001 32.169 29.914 27.016001 "Holiday"
"2023-02-19" 27.016001 24.672001 23.652 22.916001 22.365 22.883999 24.027 24.779 26.908 29.94 31.234001 30.693 31.393001 30.154001 29.521001 29.281 29.323 29.157 32.55 34.979999 34.306999 32.679 30.311999 27.82 25.034 "Holiday"
"2023-02-20" 25.034 23.504 22.823 22.566001 22.813001 24.512001 29.860999 36.361999 42.719 46.232999 45.877001 45.314 43.145001 42.134999 42.92 43.863001 43.83 42.702999 44.577001 45.462999 44.135001 41.13 36.598 33.263 30.295999 "Working day"
"2023-02-21" 30.295999 28.271001 27.337001 27.349 27.272999 28.624 32.996001 38.447 43.99 46.374 45.269999 44.136001 42.684001 41.684001 43.487 43.534001 43.521 42.8 44.299 45.551999 43.677 40.815002 36.781 33.268 30.278 "Working day"
"2023-02-22" 30.278 27.878 26.814001 26.767001 26.823001 28.213001 32.859 38.683 44.020001 46.419001 45.833 44.802001 43.175001 41.11 42.448999 43.611 43.911 43.436001 44.703999 45.671 43.564 41.270999 37.158999 33.518001 30.379999 "Working day"
"2023-02-23" 30.379999 28.329002 27.021 26.678 26.921 28.618 32.531001 38.349 43.295 44.644999 44.617 43.852001 42.225001 42.276 43.384 43.696 43.656002 42.601001 44.067999 45.773 43.824 41.207999 36.931 33.266 29.941999 "Working day"
"2023-02-24" 29.941999 28.146999 26.807999 26.589 26.811001 27.99 32.411 37.905999 43.127 45.471001 44.65 44.56 42.895001 41.939 42.680001 42.524 42.827001 42.000001 43 44.453001 42.920001 40.058 36.405 33.18 29.805999 "Working day"
"2023-02-25" 29.805999 27.816001 26.919999 26.249 26.09 26.424001 27.861001 30.406 33.305 35.402 35.883999 34.805 34.608999 31.376001 30.997 30.909999 31.022 32.484 35.36 37.544999 36.129999 33.467 30.991999 28.422999 25.803001 "Holiday"
"2023-02-26" 25.803001 24.007999 22.694 22.079 21.832999 22.238 23.181 23.843999 25.491 28.427999 29.818 31.153 32.111 31.648999 29.639 29.436 28.905001 30.267 33.627999 36.709001 35.34 33.361 31.105 28.331999 25.63 "Holiday"
"2023-02-27" 25.63 24.464999 23.671 23.608001 23.708 25.53 30.874 37.377 43.685001 46.440001 46.925001 46.324001 44.758 44.033999 45.270001 45.785002 45.621 43.903 44.645998 45.823001 44.349 41.398999 37.19 33.282 30.300999 "Working day"
"2023-02-28" 30.300999 28.282999 27.042001 26.772999 26.796 28.656 33.326 39.35 44.715 46.742002 47.320001 47.268999 44.835 43.308 43.649 44.482 44.48 44.366 45.223 46.935999 44.647 41.73 37.225001 34.050999 30.781 "Working day"
"2023-03-01" 30.781 28.682 27.556 27.015 27.251 28.757 33.309001 39.394999 44.682999 47.441 48.245001 47.278999 46.090999 44.838 46.1 46.451 46.322 45.243999 46.046 47.468 45.773999 43.071999 38.599001 34.816 31.512 "Working day"
"2023-03-02" 31.512 28.992 28.149001 28.001001 28.284 29.952 33.89 39.633001 45.505 47.858 47.3 47.681999 45.188001 44.142999 45.169 45.850999 45.918 44.530001 45.053 46.906 45.071 41.959 37.818 34.343 30.847 "Working day"
"2023-03-03" 30.847 28.431 27.468999 26.915 26.963999 28.494 33.077999 39.007999 45.13 48.218 47.767999 47.819 45.345 44.206 44.912 44.447 44.903001 43.304 44.225 46.088 44.222001 41.065001 37.132999 34.065999 30.609 "Working day"
"2023-03-04" 30.609 28.344001 27.494001 26.628999 26.499 26.876 28.946 31.097001 35.399 38.339 38.846 37.844999 36.001001 34.618 33.118 32.883999 31.987999 32.221 34.967 38.636999 37.526 34.938999 32.408 29.974001 27.491999 "Holiday"
"2023-03-05" 27.491999 25.536999 24.436001 23.681 23.51 23.878 24.823999 25.109001 28.416999 31.193 32.283001 31.553 31.882 30.632999 30.134999 30.197001 29.948 30.103 32.339001 36.296 35.323001 33.367001 31.578 28.792999 26.523 "Holiday"
"2023-03-06" 26.523 24.793001 23.54 23.684001 24.244 26.281001 31.164 36.768001 43.233001 44.881 44.473001 45.265999 42.81 42.484001 42.209999 43.366 44.459001 43.998001 44.547 46.822001 44.879999 42.092 37.969001 33.979999 31.250001 "Working day"
"2023-03-07" 31.250001 29.008001 27.837 27.365 27.711 29.165999 33.541 39.757001 46.402 48.649 47.654 47.317 46.152 45.077 45.868999 47.328001 46.658001 44.767 45.130999 47.366998 45.806 42.656001 38.619999 34.524999 30.928999 "Working day"
"2023-03-08" 30.928999 28.769 27.488998 26.823 27.050999 28.665999 33.202999 38.831 44.683001 45.678001 45.488999 44.856 43.551 42.064002 43.930001 44.175 44.034 43.043 43.333 45.275001 43.123 40.513001 36.514 33.354001 30.223 "Working day"
"2023-03-09" 30.223 28.455001 27.149001 26.899999 27.291 28.583999 32.680001 37.860001 43.513999 45.612001 44.920999 44.982999 43.563 41.985 43.809999 44.347 43.535999 42.234999 42.096999 44.697 42.906999 40.313998 36.478 32.892001 30.051 "Working day"
"2023-03-10" 30.051 28.266001 27.522 26.907999 27.211002 28.658001 32.271001 36.369 41.907001 44.052999 44.185001 44.271999 41.407001 40.776 41.315 40.409001 41.119 41.073 40.948999 43.631001 41.642999 39.204001 35.611001 32.595 29.098 "Working day"
"2023-03-11" 29.098 26.627 25.701999 24.988999 25.061 25.481002 27.111001 29.076 32.232 33.881 33.923002 34.205 33.285 31.605 30.354999 30.456 30.706001 30.079 31.705 35.782 34.781 32.519 29.784999 27.456 25.317999 "Holiday"
"2023-03-12" 25.317999 23.349 22.323 21.929 21.879 22.15 22.873 23.213 26.615 28.707 29.585001 30.661 31.570001 29.873001 28.153 27.715 27.967 27.575001 28.837999 33.17 32.787 31.429002 29.225 26.716 24.316 "Holiday"
"2023-03-13" 24.316 22.646999 22.139 21.927001 22.220001 23.98 28.733001 34.157999 39.906999 41.279 40.965 41.663999 40.452 39.047001 40.174999 40.321001 41.428001 39.902001 39.93 42.990001 41.463 38.779 35.075 31.788999 29.058 "Working day"
"2023-03-14" 29.058 27.073999 26.236999 26.024998 26.238 27.650999 31.488 36.701 41.602999 44.241 42.756999 41.766 39.332 39.359001 41.424999 42.355999 41.537 41.440999 40.711001 44.176 42.596 39.942001 36.231 32.363999 28.866 "Working day"
"2023-03-15" 28.866 27.173 25.914999 26.212001 26.088 27.646 31.380999 36.429 42.302 44.771999 43.139001 42.654 40.411 39.354999 40.304 41.202 42.410001 41.469001 41.350999 44.762 43.514 40.841998 36.925 33.151002 30.346001 "Working day"
"2023-03-16" 30.346001 28.780001 27.666 27.479001 27.609999 28.974 32.770001 38.134001 44.116999 45.238999 44.445 43.824001 42.543002 40.837 41.878001 42.692 42.823999 41.621999 41.222 45.156999 44.216999 41.386999 37.265 33.608 30.907001 "Working day"
"2023-03-17" 30.907001 28.657 27.639999 27.497 27.391 28.545999 32.472999 38.26 44.185999 45.259 44.872 43.861 42.43 40.898 41.857 43.060999 42.876 41.302 40.534001 44.535 43.234999 40.355 37.244001 34.124999 30.185 "Working day"
"2023-03-18" 30.185 28.594001 27.334998 26.581001 26.832 27.13 27.980999 30.430999 33.842999 35.286999 35.755001 34.978998 33.965999 33.091 32.579999 32.778 32.420999 32.308001 33.531999 37.724001 36.831 33.968 31.801 28.942999 26.476001 "Holiday"
"2023-03-19" 26.476001 24.402 22.934001 22.105 22.349 22.793 23.717001 23.927999 26.239002 28.049999 28.695001 29.61 29.934 27.444 26.601 27.194998 26.946999 27.292 29.553999 33.436 32.837001 31.534 29.494001 27.265 24.802001 "Holiday"
"2023-03-20" 24.802001 23.254 22.526999 22.183 22.667 24.288001 28.776002 34.183001 39.281 41.441 41.525 40.964 40.239001 39.392 40.034001 41.153002 41.204001 40.85 40.270001 43.402999 42.324001 39.809 36.033 32.755 29.569 "Working day"
"2023-03-21" 29.569 27.448 26.323001 25.760999 25.787 27.537001 31.624001 37.123998 42.741 44.806 44.169999 43.147 41.849 40.866001 41.257 42.082001 42.76 40.972 40.169 43.726 42.605 39.532999 35.911 32.673999 29.433 "Working day"
"2023-03-22" 29.433 27.608 26.786 26.171001 26.027 27.369 31.321001 36.491001 41.185 43.127999 42.614001 41.593001 39.829999 38.598999 39.292 40.294 40.658999 40.394 39.601 43.691 42.438999 39.911 36.122001 32.588 29.368001 "Working day"
"2023-03-23" 29.368001 27.471 26.506 25.952999 26.213999 27.843999 31.146 36.504001 42.332 43.880999 42.555 41.55 40.728 39.398001 40.169999 41.271 41.77 40.553999 39.747999 43.49 42.092 39.599 35.828001 32.266 29.192 "Working day"
"2023-03-24" 29.192 27.606001 26.700999 26.462 26.322999 27.488 31.198001 36.206 41.726001 44.196999 42.759 42.564 40.610999 39.854001 40.917999 41.137999 41.158 40.39 39.593999 42.678001 41.539001 38.571001 34.780999 31.812999 28.913 "Working day"
"2023-03-25" 28.913 26.950001 25.33 24.497999 24.489 25.015 26.100999 28.758 31.504 34.238 34.767999 33.481 32.882 31.643999 30.713001 31.384001 31.347999 30.677999 30.740999 34.784002 34.782001 32.157 29.678 27.528001 25.256999 "Holiday"
"2023-03-26" 25.256999 23.132001 22.247999 22.247999 21.949001 22.277 22.835999 23.627 25.263999 27.684001 29.269 29.490002 29.987 28.374 28.291 27.764 26.521001 26.803001 27.793 29.740999 33.221001 32.217999 30.286 27.941999 25.523001 "Holiday"
"2023-03-27" 25.523001 23.521999 22.571 22.196001 22.610999 24.481999 29.007001 34.744999 40.088999 42.029 42.112 42.17 39.614 37.852002 39.002 40.207 38.348 38.744999 37.286 38.125 40.685998 39.023 35.836 32.337 29.166 "Working day"
"2023-03-28" 29.166 27.228999 26.479 25.953 25.547 27.273 31.230001 36.471 41.324 44.225999 43.446 41.983 39.608001 37.958 38.416001 38.686 39.238999 38.444 37.914999 38.251999 41.874 39.985999 36.404 32.857001 29.607001 "Working day"
"2023-03-29" 29.607001 27.855999 26.376 25.930001 26.035999 27.196001 31.394001 37.106 42.308001 45.189999 43.626 42.151 39.749001 38.532001 38.543999 39.887 39.556 39.265999 38.281 39.423 42.391 39.978 36.496999 33.187001 29.816 "Working day"
"2023-03-30" 29.816 27.848999 26.595001 26.040999 26.003 27.233999 31.396 36.258001 41.363 44.351 44.212 43.082999 41.780001 39.775 40.482 40.747 40.468 39.900999 39.135999 39.836 41.808998 39.448999 35.947999 32.681 29.814 "Working day"
"2023-03-31" 29.814 27.558999 26.410999 26.087 26.084002 26.955001 31.03 35.756001 40.212 42.588 42.232001 41.927001 40.825 39.045 39.122 39.035001 38.906999 39.579999 37.572001 38.717 40.32 37.836999 34.347 31.307 28.115 "Working day"
"2023-04-01" 28.115 26.07 24.828001 24.151 24.049 24.232999 25.734 27.57 30.945 33.887999 34.145 33.143 31.840999 31.273 30.013002 29.807 29.912 29.909 29.245 31.102 34.061001 32.084999 30.033999 27.405999 24.853001 "Holiday"
"2023-04-02" 24.853001 22.775999 21.867 21.318001 21.022 21.184 22.341999 22.587 24.824001 27.358 28.998 28.536 28.762 27.073001 25.268001 24.075999 24.106001 25.067001 26.147 28.122 31.267001 30.804 28.935999 26.457 24.890001 "Holiday"
"2023-04-03" 24.890001 23.124 22.406999 22.087001 22.382 24.148001 29.21 34.715999 40.393999 43.412001 43.451999 42.56 41.032 39.783001 40.721999 40.966 41.152 39.924999 38.737001 39.470999 41.879 39.83 36.294001 32.793 28.099998 "Working day"
"2023-04-04" 28.099998 26.374001 25.479999 25.183001 25.259001 26.455 30.213 35.466 41.240999 45.32 44.390001 44.289 42.499 40.202 41.229 41.961 41.774 40.251 38.278999 38.918999 41.568999 39.545999 35.919 32.72 29.786999 "Working day"
"2023-04-05" 29.786999 27.906 26.577 26.16 26.5 28.044999 32.203 37.610001 43.287001 46.443001 45.446 44.359 43.727 42.743 41.917 42.668999 41.662001 40.603001 39.405 41.016001 42.728 40.925999 37.263001 33.919 30.614001 "Working day"
"2023-04-06" 30.614001 28.625 27.549999 26.972999 26.723 28.292 32.229 36.574999 43.129001 45.739001 45.059002 44.703 42.322 40.836001 40.995998 40.963 41.093999 40.124999 39.298999 39.993001 42.138 40.294999 36.976002 33.813001 30.394001 "Working day"
"2023-04-07" 30.394001 28.499001 27.413999 27.011 27.145 28.268 31.393001 35.377 40.670999 43.926002 43.552001 42.377001 40.756999 37.279 38.619 38.745 37.213999 37.283 37.490001 37.792999 39.934001 38.253999 35.176 32.136 28.919001 "Working day"
"2023-04-08" 28.919001 26.163001 24.556999 23.922 23.616999 24.063001 25.165 26.791001 30.355999 32.901 32.490001 32.330998 33.06 32.269001 29.773 28.878999 30.3 30.678999 30.614 31.368 33.914 32.426 29.627001 27.474999 24.173999 "Holiday"
"2023-04-09" 24.173999 21.966 20.821998 19.942 19.536 19.804001 20.646 20.568 23.267999 25.528 26.361 27.021001 28.911 26.545 23.778 24.203001 23.577 23.508 23.878999 25.122999 28.178 28.212 26.761999 25.088001 22.841 "Holiday"
"2023-04-10" 22.841 20.896002 20.204001 19.507001 19.352 19.87 21.013 21.049999 23.386 26.558999 27.648 27.357 27.429 25.469 23.627 25.034 24.712 24.982 25.225999 26.585 29.57 29.287 27.485 25.383001 24.512 "Holiday"
"2023-04-11" 24.512 22.718001 21.804 21.356001 21.502 23.028001 28.115999 32.471001 39.076999 42.755999 42.674 42.215999 40.392001 40.381 40.142999 40.174 40.013001 39.027001 38.033 38.429001 41.153 39.954999 35.991001 33.085001 29.737 "Working day"
"2023-04-12" 29.737 27.488001 26.342 26.023999 25.931 26.922001 31.094001 36.1 42.311001 44.783001 44.256 44.207999 43.669 41.779 41.697 42.009 41.275 41.152001 39.916999 40.043 41.891 40.004001 36.438999 33.389001 30.083 "Working day"
"2023-04-13" 30.083 27.801998 26.636999 26.396999 26.425 27.544999 31.896 37.274 42.776001 44.15 44.516 45.198999 43.247 42.173001 42.800001 42.778 42.634001 41.658998 40.407999 41.233999 42.343 40.786 37.045999 33.726 30.254 "Working day"
"2023-04-14" 30.254 28.301 26.981 26.503 26.663 27.496 31.805 37.001 41.97 44.604 43.442999 43.18 41.818001 40.195002 41.043001 40.891 40.919 39.941999 39.27 39.378 41.143998 39.791001 36.103999 33.208001 29.738 "Working day"
"2023-04-15" 29.738 28.047999 26.545001 25.894001 25.446999 25.938 27.525999 29.111001 32.774001 34.610001 35.164002 34.868001 34.546001 33.558 32.061 30.877 31.902999 31.884 31.642 32.547 34.989999 33.452001 31.312 29.274 26.871 "Holiday"
"2023-04-16" 26.871 24.85 23.548 22.708 22.702001 22.847 23.591999 23.845 26.694 29.057999 30.19 30.289999 32.791 31.777 30.263 29.727 28.008999 28.493999 29.943 30.889999 33.43 32.850999 31.249001 28.793 25.180999 "Holiday"
"2023-04-17" 25.180999 23.313 22.465 22.117001 22.299001 23.942999 28.996 34.712999 40.959001 43.993 43.458998 43.583 41.492 39.859001 40.083 40.657999 41.212001 40.612 39.183001 39.663 41.248001 39.908 36.719 33.460999 31.071 "Working day"
"2023-04-18" 31.071 29.242999 27.974 27.205999 27.562999 28.872 32.783002 37.946001 43.275001 44.82 43.981 43.052001 41.622001 41.953001 42.454 41.624 41.858002 41.614999 40.478999 40.7 42.703998 41.469001 37.948 34.999 31.415 "Working day"
"2023-04-19" 31.415 29.340001 28.244001 27.423001 27.189999 28.509001 31.667 37.055999 42.583 45.606002 44.897 44.002001 41.871 41.379001 42.721001 42.749999 42.913001 42.138 40.437 40.027001 41.599999 40.582 36.895 34.18 31.078 "Working day"
"2023-04-20" 31.078 28.590999 27.332 26.721999 26.426 27.560001 31.237001 36.71 42.374999 44.426999 45.174999 44.167 43.303001 41.811 43.843 43.310999 41.516 41.328001 40.337999 40.224 41.696001 40.193 36.535 33.692998 30.548 "Working day"
"2023-04-21" 30.548 28.128001 26.595999 26.092999 25.888 27.449 30.761999 35.824999 40.913 43.966 44.071001 42.754 40.394999 39.294 40.447 39.178999 38.937 38.204 38.017999 38.008001 39.386999 38.434999 35.107999 32.249 28.708 "Working day"
"2023-04-22" 28.708 26.197001 24.897001 24.06 23.978 24.294 25.222 27.48 31.124999 33.782001 33.542 32.984001 31.977 30.175999 30.091001 29.497001 29.535001 30.35 29.805999 29.879 31.467999 30.934 28.570999 26.815001 24.619999 "Holiday"
"2023-04-23" 24.619999 23.199999 21.941 21.322001 21.076 21.507001 22.025 22.391 24.649 28.070001 28.470001 29.038 29.434999 28.406001 26.764001 26.937 26.390001 26.773 26.582999 27.439999 29.663001 30.036999 28.353001 26.126001 24.853 "Holiday"
"2023-04-24" 24.853 22.565 21.359999 20.992999 20.843 21.731 23.748999 26.123001 30.025998 32.866 32.833001 32.912 33.059001 31.534 32.035001 32.091001 31.472 31.888 30.345001 30.216001 31.505999 31.28 28.736001 26.587001 24.353 "Working day"
"2023-04-25" 24.353 22.482001 21.401 21.098001 20.775001 21.081999 21.265 22.055999 24.514 27.433 29.053001 28.901999 29.656001 27.896999 27.847 26.66 26.157001 26.259 26.220001 26.844001 29.279 29.649001 27.788 25.566999 24.351 "Holiday"
"2023-04-26" 24.351 22.597001 21.793 21.332 21.755 23.223001 27.582 32.737 38.376 40.936 40.698 40.238 38.817 37.812 39.287999 39.629001 39.981 39.246001 37.566 37.646001 39.02 38.496 34.794 31.758 28.318 "Working day"
"2023-04-27" 28.318 26.104 25.116 24.662001 24.734 25.585 29.030998 34.742001 40.158001 42.372999 42.248001 41.752 40.269001 39.497001 39.691999 39.547001 39.846001 39.225 37.609999 37.482001 38.751001 38.11 34.759001 32.125 29.182 "Working day"
"2023-04-28" 29.182 26.969001 25.519001 24.877 24.713001 26.296 29.745 35.096001 40.560001 42.771999 42.679 41.938999 40.357 38.363 38.002 38.370001 38.838 37.954 36.799 37.081 38.197 37.626 34.14 31.315999 28.389001 "Working day"
"2023-04-29" 28.389001 25.83 24.653 23.834 23.611999 23.814999 24.519 27.095 30.052 32.412 32.231001 30.765999 30.128001 28.29 29.074001 29.648 29.461 29.045 29.442999 29.635999 31.185001 30.843001 28.579999 26.578 26.218999 "Holiday"
"2023-04-30" 26.218999 24.567 23.424001 22.624 22.306 22.548001 22.176001 22.59 24.226 26.773 29.117 29.686 29.321001 28.954 27.79 28.515 27.189 26.849 27.34 28.424 30.042 29.77 27.97 25.670002 25.362 "Holiday"
"2023-05-01" 25.362 23.278999 21.965 21.388999 21.081001 21.242999 20.69 20.858998 22.581 24.835001 25.978999 26.521 28.089 28.251999 27.015 26.425999 26.111 25.818999 26.273002 27.591999 29.264 29.114 27.350999 24.872 24.410001 "Holiday"
"2023-05-02" 24.410001 23.116001 22.125999 21.891 22.432001 24.093001 27.981001 33.216 39.265001 41.856 42.324001 41.347001 39.816 39.415001 40.149999 40.085001 40.334001 39.223001 38.810001 39.263 39.985 39.400001 35.757001 32.398001 29.050999 "Working day"
"2023-05-03" 29.050999 26.875 25.604001 25.268001 25.315999 26.435999 29.765001 34.931 40.445 42.44 42.967999 43.042 41.943002 40.634 40.481 41.319 41.234001 39.962001 38.593001 38.795 39.383001 39.614999 36.052 33.078999 29.463001 "Working day"
"2023-05-04" 29.463001 27.517001 26.367 25.719001 25.633 26.831 29.269 35.457001 41.659 43.675 43.2 42.268001 40.401999 39.062999 40.240001 41.3 41.536999 40.933999 39.676 39.698001 40.610001 40.421 36.786999 33.795001 30.140001 "Working day"
"2023-05-05" 30.140001 27.702999 26.569001 25.946001 25.985 26.985 29.768999 35.461001 40.908999 42.111001 42.183 41.536 40.340001 38.7 39.665 40.563001 39.84 39.911001 37.642001 38.228 39.184002 39.020001 35.415999 32.997 29.650001 "Working day"
"2023-05-06" 29.650001 27.144 25.372 24.649001 24.492999 24.931999 25.371999 28.501 31.817 34.130001 34.352 33.440001 32.419001 30.982001 30.538 30.666 30.804001 30.489 30.746999 31.687 32.347 32.650999 30.246 27.997001 25.923 "Holiday"
"2023-05-07" 25.923 24.45 23.06 22.317 21.971001 22.732001 21.935 23.441 25.749 27.360999 29.303 29.427 29.736999 28.652 27.102999 27.015001 27.153 26.778001 27.325 28.440999 30.072 31.048 29.41 26.733999 24.102 "Holiday"
"2023-05-08" 24.102 22.651 22.064 21.516 21.771 23.152 26.614 32.096999 37.638999 39.917 41.28 41.256001 39.514001 38.491 39.364 39.78 39.464999 37.656 37.543 38.626002 39.145 39.148 35.353999 32.153001 28.891 "Working day"
"2023-05-09" 28.891 27.045999 25.702 25.255 25.567 26.403001 29.081998 34.905001 40.510001 42.505 42.159 41.884 40.011 39.462 41.957 41.951 42.305999 40.122999 39.164 40.141 40.175 39.277 35.005 31.879002 28.837 "Working day"
"2023-05-10" 28.837 27.122 25.882999 25.628999 25.45 26.793001 29.595999 34.849999 40.182999 42.81 42.35 42.502001 40.987999 39.214001 40.001001 41.011001 41.320999 39.876 38.665 39.065 39.259 38.476999 34.870001 31.533001 27.701 "Working day"
"2023-05-11" 27.701 25.647999 24.816001 24.443 24.465999 25.448 27.824 33.434 39.801 41.935 40.859 41.209 39.762999 39.337 40.425 41.281001 40.580999 39.835 37.924 37.916001 38.303002 38.342 34.448 31.586 28.579 "Working day"
"2023-05-12" 28.579 26.418999 24.883 24.356 24.427 25.868 28.282 33.841002 38.803 41.118999 40.48 40.375999 39.687 38.324 39.537 40.041 38.379 37.399001 36.642001 37.014001 37.132 37.005001 33.657998 31.375 27.506 "Working day"
"2023-05-13" 27.506 25.628999 24.361 23.931 23.629 23.835999 24.167 26.575 29.122001 31.315 30.941 31.742 30.06 29.132001 28.307 28.359999 27.645 28.861001 28.883 30.760001 31.430001 30.836999 28.611 26.636 24.444 "Holiday"
"2023-05-14" 24.444 22.977 21.643002 21.176 20.882999 21.113 20.769999 21.456999 23.670999 26.359 28.476 29.309001 30.109001 29.779001 26.182001 26.19 25.845001 26.65 27.367 28.298999 28.821001 29.864999 27.863001 25.825001 23.559001 "Holiday"
"2023-05-15" 23.559001 21.902 21.314 20.924 21.246 22.328001 25.618 31.518 37.481 40.017 39.251001 38.790998 37.948999 37.596999 38.007999 37.429 36.941001 36.216999 36.182 37.216 38.312 38.495999 35.169 31.637001 27.591 "Working day"
"2023-05-16" 27.591 25.694 24.669 24.607999 24.822 25.703999 27.981 33.506 39.155999 41.812 41.414 40.703 39.680001 38.383 39.153999 39.395 39.112001 39.167001 37.44 38.132999 38.371 38.012 34.641002 31.612 28.385 "Working day"
"2023-05-17" 28.385 26.227001 24.922999 24.479999 24.209999 25.375999 27.947999 33.228 38.466 40.984001 40.829999 41.315 39.831 38.271 39.176999 39.345999 39.344001 38.557001 37.031 37.668 38.187001 37.995999 34.779998 31.751 28.237 "Working day"
"2023-05-18" 28.237 26.304999 25.075 25.032 24.766 25.773 28.273999 34.049999 38.808 40.752 40.342 39.955999 38.04 36.299 37.168 38.162999 38.05 36.551 36.752998 37.750001 37.997001 37.988001 34.555 31.323999 28.389 "Working day"
"2023-05-19" 28.389 26.456 25.338 24.889 24.910999 25.960001 28.24 33.518 38.570001 41.196 41.288001 41.132001 39.114999 37.081999 38.138 38.363999 38.366999 37.958999 37.253999 37.599 37.404 37.254998 33.664 30.628 27.981999 "Working day"
"2023-05-20" 27.981999 25.733999 24.294001 23.518999 23.068 23.370001 24.004999 26.301999 29.225001 32.399999 33.564 32.638 31.963 30.253999 29.734999 29.383 27.85 28.455999 29.272999 30.499 31.059 30.759999 28.399001 26.144 24.778 "Holiday"
"2023-05-21" 24.778 22.963999 21.899 21.261 20.965 21.303 20.794 21.827 23.957001 26.148001 28.601001 30.846 31.522 29.571001 27.724999 26.158999 25.329001 25.312 26.390998 27.656 29.169001 30.062999 28.54 26.393999 23.648999 "Holiday"
"2023-05-22" 23.648999 21.933 20.875001 20.856001 20.988 22.489001 25.656999 32.255 38.23 41.661998 42.165 41.496 40.161 38.200001 40.045999 40.359 39.783999 38.496 37.317 37.812 38.33 38.518 34.774 31.160999 28.157999 "Working day"
"2023-05-23" 28.157999 25.588 24.597999 24.492 24.644 25.593 27.977999 33.941999 39.549 41.478 41.167 41.239999 39.744999 38.792001 39.727999 40.274999 40.582001 39.505 37.859001 38.081 38.335 38.893 35.341001 32.381001 29.562001 "Working day"
"2023-05-24" 29.562001 27.367001 26.115 26.344 26.265999 26.982 29.028999 34.733 40.273 42.400999 42.504 41.667999 40.4 39.408 40.768 42.208 42.421 41.518999 39.096001 39.117 38.750001 38.666 35.222999 32.656001 29.574 "Working day"
"2023-05-25" 29.574 27.863 26.848 26.31 26.605 27.17 29.421 34.564 40.145001 42.358 41.984999 41.971001 40.836 38.909001 39.53 39.449001 38.850001 38.150999 37.133 37.935999 38.208001 37.861999 35.274 32.263 29.33 "Working day"
"2023-05-26" 29.33 27.104999 25.970001 25.565001 25.482 26.321999 28.611999 34.124 39.810999 41.128999 40.784999 39.890001 39 37.697 38.354 38.438999 38.744998 38.919999 38.161 37.78 37.519 37.426 34.673001 32.219998 28.785999 "Working day"
"2023-05-27" 28.785999 26.906999 25.393999 24.917001 24.458001 24.523 24.249999 27.272 30.447 32.932001 33.692001 33.573001 32.528 31.581001 29.693999 30.22 30.476 30.409999 31.306001 31.746999 31.568 31.802999 30.185 27.878 25.656001 "Holiday"
"2023-05-28" 25.656001 24.003001 22.239 21.483999 21.865999 22.279999 21.638 22.653 25.742001 27.351999 27.774 28.179 29.176999 28.497 27.442001 27.680999 27.537001 27.717 28.008001 28.897001 29.423001 30.083001 29.134 26.725999 24.118 "Holiday"
"2023-05-29" 24.118 22.266001 21.537999 21.457 21.391 22.782 26.256 32.603999 38.242 40.473001 39.949 39.245001 37.963001 37.568 38.991998 39.825999 39.150001 38.917 37.445 37.628 37.543001 37.714 34.538 31.989999 28.541001 "Working day"
"2023-05-30" 28.541001 26.275 25.060999 24.931 25.214 26.076 28.395 34.167999 39.61 42.192 42.204999 42.519 40.533999 40.058001 40.512 40.085 38.838 38.778999 37.646999 38.523 38.891 38.96 35.817 32.713 29.84 "Working day"
"2023-05-31" 29.84 27.587999 26.469 26.2 26.196001 27.112001 29.506 35.111001 40.484 42.693 42.663 42.496 40.642999 38.787 40.079 41.713001 40.611 39.326999 38.356 38.773 38.417 38.592999 35.553 32.834 27.812999 "Working day"
"2023-06-01" 27.812999 25.668 24.53 24.264 24.147 25.254999 27.387 32.638999 37.842999 39.979 39.579999 39.446999 37.982001 36.559 36.919 37.996001 38.418 37.58 36.614 36.128999 35.688 35.563 32.916 30.265001 27.51 "Working day"
"2023-06-02" 27.51 26.027 24.477 23.726999 23.362 23.321 22.300002 24.230999 27.485002 29.555999 29.798001 29.078 29.613 29.046999 27.488999 27.632 28.994 28.880002 29.191 29.580999 29.891 30.120001 29.250001 26.79 25.312 "Holiday"
"2023-06-03" 25.312 23.661999 22.502999 21.806999 21.604001 22.279 22.054 24.725999 28.052 29.956001 30.331001 30.936 30.514999 29.999999 28.5 28.681999 28.670001 28.320001 29.149999 30.197001 29.971 30.240001 28.684 26.590999 24.59 "Holiday"
"2023-06-04" 24.59 22.829 21.625001 20.88 20.718999 20.955 20.359 22.248 24.817 27.181 28.05 27.848 28.503 26.408001 23.922999 24.580999 24.912001 24.811 26.869 27.958999 28.817999 29.612 28.418 25.955 23.880001 "Holiday"
"2023-06-05" 23.880001 22.591001 21.655999 21.268 21.508999 23.075 26.277999 32.306999 38.142 40.093001 40.338998 40.125999 40.057 38.512 39.105999 39.276 39.413999 38.444 38.427999 37.77 37.545999 37.345999 35.160001 32.064999 28.880998 "Working day"
"2023-06-06" 28.880998 26.857 25.732001 25.596999 25.687 26.561999 28.675001 34.307001 39.307998 41.882999 41.354001 42.388999 39.804999 38.683 39.614999 39.336 40.182 40.348 38.475 38.548 38.184001 38.041998 35.344 32.157 28.934001 "Working day"
"2023-06-07" 28.934001 26.824002 25.702999 25.217999 25.349 26.698 29.284999 35.606 41.736999 42.848001 41.216 40.932 39.799 38.824 41.132001 41.547 41.316001 40.551999 39.816001 39.556 38.688 38.435 35.553999 32.458 29.177001 "Working day"
"2023-06-08" 29.177001 27.163999 25.774001 25.295 25.120001 25.973 28.317001 33.887 38.815999 40.694 41.118001 40.691 39.087001 38.602999 39.243 41.507999 41.854999 40.935999 39.751 39.764 38.979 38.538001 35.781999 32.845002 29.596999 "Working day"
"2023-06-09" 29.596999 27.739001 26.514001 25.723999 25.728 26.895999 29.014001 34.272001 39.5 41.563 41.677001 42.656 40.524999 39.895 41.021 41.905 41.527001 41.087999 39.527 39.081 37.945 37.445001 35.387 32.380999 29.067 "Working day"
"2023-06-10" 29.067 26.902 25.525 24.989001 24.682 25.1 25.206999 27.650999 30.306001 32.47 32.441 33.328002 33.040001 31.747999 31.299 31.027 30.843 30.517 31.918 32.025999 31.708 31.785 30.248 28.094999 25.975 "Holiday"
"2023-06-11" 25.975 23.980999 22.817001 22.122001 21.646 22.032 21.387001 22.736002 25.324 27.172 27.971 28.941 30.233 29.078 28.474 27.743 28.332 28.716999 28.341 29.173 30.064002 31.075 30.327999 28.33 25.727 "Holiday"
"2023-06-12" 25.727 23.948001 23.167 22.658 22.642999 23.866 26.959999 32.700001 38.638999 41.742001 40.616 40.952 40.827 40.107 41.424001 41.754 42.542 42.188 40.392001 39.956001 39.285999 38.629 35.874001 33.724 30.122999 "Working day"
"2023-06-13" 30.122999 27.947999 26.911 26.297 26.463999 27.092 29.929 35.413 40.474999 43.242001 44.709 44.945999 42.062999 40.84 41.388001 41.417 41.262001 41.795 39.769001 40.150001 39.772 39.536999 37.337002 33.968999 30.659 "Working day"
"2023-06-14" 30.659 28.773 27.468999 27.080999 27.352 28.035 30.596999 35.886 40.933999 44 44.533999 43.835999 41.382 40.893999 42.271 41.972 41.991 41.985999 41.472 41.734 41.120001 40.136 37.695001 34.477001 31.157 "Working day"
"2023-06-15" 31.157 29.366 28.29 27.663001 27.691 28.302 30.558 35.77 40.956999 42.827999 43.895999 43.806001 43.922 42.857001 42.803001 43.074 42.943 42.204 41.456 40.828 39.806999 39.140001 37.073 34.226 31.334001 "Working day"
"2023-06-16" 31.334001 29.355 28.59 27.812 27.583999 27.884 30.139 35.659 41.530001 44.027999 44.419999 44.577 43.165001 42.062001 42.510001 43.027999 43.159999 42.289999 41.788 40.705001 40.041 39.452001 37.25 34.392001 30.273 "Working day"
"2023-06-17" 30.273 28.372 27.121 25.626 25.419999 25.41 25.264002 28.474999 31.789 34.187 34.815999 34.356999 33.764001 33.394 32.124001 32.043 32.155001 33.109999 33.148001 33.161 32.583 32.347 31.571 29.605001 26.738 "Holiday"
"2023-06-18" 26.738 24.907 23.750001 22.962999 22.545001 22.582 21.761998 23.504 26.594 28.63 30.021 30.337001 30.905 30.096999 29.478 29.19 29.354999 29.127 31.025999 31.838999 31.828 32.266 31.853001 29.195001 26.262002 "Holiday"
"2023-06-19" 26.262002 24.519999 23.395 23.238999 23.095001 24.326998 27.339001 33.451001 40.364 42.655999 42.383 43.849001 43.024 42.593 44.171001 44.564998 44.968999 44.334 43.144 42.295 41.106 40.975 38.522999 34.895001 31.476001 "Working day"
"2023-06-20" 31.476001 29.207 27.754999 27.615 27.110999 27.755999 30.040999 36.529999 42.804999 45.966 46.527 46.229998 45.434 45.042 46.317001 46.848 47.122001 46.553 45.289001 44.425 43.096001 41.943001 39.451001 36.041001 33.016002 "Working day"
"2023-06-21" 33.016002 31.555 30.068999 29.428 29.144 30.152999 32.206 37.801 44.050001 46.147 47.181 47.515999 46.878001 46.406999 47.331 48.164001 48.473998 47.822 46.163 45.256 44.269999 43.499 41.046999 37.7 34.267 "Working day"
"2023-06-22" 34.267 31.471001 29.917 29.516001 29.655001 30.489999 32.755001 37.926001 44.246 47.021 47.996001 49.046001 48.077002 47.239 48.778 49.806 50.222999 50.044 48.503001 47.129 45.446 44.836001 42.205 38.845001 35.152999 "Working day"
"2023-06-23" 35.152999 32.336999 30.726999 30.542999 30.491001 30.758998 32.799 38.437 44.943001 47.967 48.525999 50.132 49.095999 48.821 49.182 49.334999 49.604 48.932 46.686 45.296999 43.707 42.674 40.452999 37.682001 33.811999 "Working day"
"2023-06-24" 33.811999 31.667 30.272 29.559 29.089999 29.19 28.533 31.563001 34.891 37.100999 38.030002 38.194998 37.278 37.067 36.377 35.543999 36.044999 37.083 37.529 37.013 36.482 35.822999 34.488 32.394 29.755001 "Holiday"
"2023-06-25" 29.755001 27.954 26.777 25.878999 25.281 25.082001 24.458999 26.280999 29.124001 31.023001 32.683 33.34 33.881001 33.564001 32.362999 32.69 33.203 33.201999 34.091001 34.141001 34.09 34.659 34.321999 32.372 29.094 "Holiday"
"2023-06-26" 29.094 26.983999 25.959 25.436001 25.548001 26.608999 29.637 36.581 43.098001 46.666 47.521 48.201 47.196999 46.843999 48.041001 48.481001 49.119999 49.067999 47.531 46.779 45.450002 44.681999 42.234001 39.122 35.766 "Working day"
"2023-06-27" 35.766 32.922 31.174001 30.523 30.076999 30.724999 32.936001 39.073001 45.325 48.858999 50.285999 50.376999 49.509001 48.889999 50.674 51.323999 52.561 51.307999 49.470998 47.904 45.906 44.589002 42.171 39.119001 35.463999 "Working day"
"2023-06-28" 35.463999 32.768001 31.282 30.268001 30.203999 30.771 33.040001 38.864 44.378 47.442001 48.64 48.640001 47.584 47.491001 48.002001 49.257999 48.203 47.784001 46.715001 45.82 43.764 42.994 40.849998 37.662999 34.081999 "Working day"
"2023-06-29" 34.081999 31.923001 30.368999 29.659001 29.698 30.128 32.178 37.710001 44.081001 47.153001 47.694 47.269999 45.887999 45.699 47.111 47.922999 47.715001 47.78 45.644001 44.321 42.916998 42.296 40.084999 37.416 33.827 "Working day"
"2023-06-30" 33.827 31.942 30.409001 29.603 29.666002 30.074 31.844 37.064 42.973001 46.898002 46.735001 47.65 46.093999 45.132001 45.648001 46.272999 45.989001 44.964999 43.495999 42.286 40.905 39.563 37.721001 35.48 32.439 "Working day"
"2023-07-01" 32.439 30.343 28.663 28.114 27.596 28.04 27.519001 30.033 33.131 35.217001 35.664 35.215001 35.367999 34.797001 33.221001 33.197 34.516 33.953 34.771 35.233 34.442 33.881 32.991999 30.546 28.865 "Holiday"
"2023-07-02" 28.865 27.056 25.524 24.691001 24.048 24.168999 23.399 24.963 28.126999 30.198 31.931999 31.620001 31.651001 30.528001 30.905999 31.145 31.687 32.304001 32.663001 33.245 33.113 33.358001 33.065 30.751 27.805 "Holiday"
"2023-07-03" 27.805 25.973 24.947 24.625999 24.677001 26.165999 29.132999 35.957999 42.181 45.266 45.95 46.586001 45.728 45.369 46.655999 48.352001 47.882 47.144 44.624001 43.887 42.365999 41.498 39.542 36.660999 33.163999 "Working day"
"2023-07-04" 33.163999 31.140001 29.602001 28.988999 29.238 29.953 31.530001 36.955999 43.667999 46.610999 46.931 46.974 45.923999 45.418 47.014 47.836 48.813 47.165 45.922 45.005 43.330999 42.569 40.442999 37.071 33.891 "Working day"
"2023-07-05" 33.891 31.959999 30.577999 30.055001 29.836999 29.714999 32.105 38.031 44.141001 46.927 47.814 48.491999 47.195001 45.811999 46.787999 48.215999 48.600001 47.925 46.708 45.608 44.034999 43.145001 40.547001 37.427 34.330001 "Working day"
"2023-07-06" 34.330001 32.162001 30.759999 29.952 29.427999 30.198001 32.339 38.721 45.592 49.142 48.552001 49.16 46.921 47.461 48.214001 48.568 48.654001 47.794999 46.561001 44.751 43.003001 42.492 39.812999 36.952 33.341 "Working day"
"2023-07-07" 33.341 30.789 29.369 28.648 28.070999 28.964 30.758001 36.2 42.259 45.541 46.095 45.767 44.97 44.416999 45.651 46.414001 46.357999 45.104 43.764 43.16 41.458999 40.891 38.45 35.901 32.964 "Working day"
"2023-07-08" 32.964 30.796 29.236 28.246 27.692 27.825001 27.640001 29.975001 33.936 36.915 38.17 37.458999 36.926 36.899 36.634 36.027 36.557001 37.643 38.506001 38.569001 37.534999 37.01 35.617 33.450001 31.206 "Holiday"
"2023-07-09" 31.206 29.261 27.560001 26.473999 25.812001 25.762 24.998 26.217001 28.775 30.969999 32.279002 33.241 34.214 34.264 33.353 33.189001 33.611999 34.5 35.752999 36.302 36.396001 36.85 35.855001 34.185999 31.113 "Holiday"
"2023-07-10" 31.113 29.136999 27.657 26.877 26.61 27.977 31.154 37.603001 44.590999 48.632001 50.146 50.858 50.869 51.063001 52.426 52.958999 53.110999 52.903 51.409 49.812 48.306 47.995001 45.161 41.897002 37.986 "Working day"
"2023-07-11" 37.986 35.014 33.49 32.381 31.985 32.620999 34.384001 40.200999 47.219999 51.552 52.619999 53.538 53.324 53.412001 54.757999 55.167 55.258 54.322999 53.307001 51.665999 50.026999 49.182 46.118 42.617001 38.314 "Working day"
"2023-07-12" 38.314 35.449999 33.659 32.79 32.485999 32.762999 34.782 40.779002 47.731 52.066001 53.528999 53.179 52.031 50.988 52.527 53.008 53.140001 52.658999 50.743999 49.267 47.575001 47.117001 43.885999 40.606999 36.867 "Working day"
"2023-07-13" 36.867 34.187999 32.541 31.557 31.336 31.775 33.866001 39.288999 45.203 48.234999 48.302 48.937999 46.782 47.586 49.985 50.216 51.7 51.659 49.263 47.853 46.41 45.748 43.531 40.613999 37.589001 "Working day"
"2023-07-14" 37.589001 35.048999 33.231 32.297 31.807 32.471999 34.33 39.291 45.871999 50.381 51.376 51.666999 50.654001 50.109001 51.444 50.860001 51.185 50.564 48.870999 47.547001 45.387999 45.104 42.718999 39.988001 36.853 "Working day"
"2023-07-15" 36.853 34.725001 33.042001 31.772001 31.431999 31.521999 30.483 33.166001 36.774 39.77 41.364 41.745999 41.415001 41.089001 41.148 40.377001 40.771 42.172 42.247001 41.801999 40.560999 40.364999 38.818001 36.372 33.716 "Holiday"
"2023-07-16" 33.716 32.096999 30.499 28.921 27.783 27.319 26.131 27.560999 30.506 32.914 34.926 35.710001 37.135001 37.133 37.063 37.435001 37.747001 38.127999 39.082 38.989 39.285999 40.068 39.462999 36.943999 33.542 "Holiday"
"2023-07-17" 33.542 31.075001 29.722001 28.798999 28.777 29.838001 32.809 38.872999 45.875 50.755999 52.431999 53.291999 53.227001 53.400999 55.067001 55.625999 55.988999 56.173001 54.213 52.788 51.410001 50.950001 48.251001 44.676001 40.418999 "Working day"
"2023-07-18" 40.418999 37.886 35.817001 35.046 34.595 35.015 36.329 41.738 48.641 53.307001 54.899 56.006 55.620001 55.732 57.307001 58.091 58.143999 57.828 56.297 54.207 52.372 52.184001 49.359999 45.897999 41.597999 "Working day"
"2023-07-19" 41.597999 38.701999 36.851 35.637 35.116999 35.542999 37.647 43.237001 49.887999 53.849 56.123 57.01 56.107999 56.605001 57.529001 57.969999 58.671001 58.026001 57.202 55.149 53.002999 52.123999 49.520001 45.711 41.571 "Working day"
"2023-07-20" 41.571 39.170999 37.064 35.612 35.110999 35.591999 37.274 42.452999 48.467001 52.784999 54.104 55.312 54.422001 54.444 55.802999 56.481 56.898001 56.604001 55.536001 53.860999 52.184 51.71 48.803 45.426 41.648 "Working day"
"2023-07-21" 41.648 39.09 37.348999 35.994 35.416 35.926999 37.817 42.59 48.075 52.221 55.369 55.571 54.067 52.928 54.425 55.222 54.722 53.887001 51.973 50.661001 48.432 47.837999 45.049999 42.199001 38.935 "Working day"
"2023-07-22" 38.935 36.358 34.789 33.820999 33.013999 32.893 32.034999 34.541 37.699 40.653999 42.033999 42.701 42.402 44.346999 42.968 40.276001 42.039999 43.157 43.356 42.506 40.756 40.937999 39.212999 36.767 34.215001 "Holiday"
"2023-07-23" 34.215001 32.428999 30.916 29.576999 29.126999 28.734 27.848001 28.933001 30.948 33.126001 35.679 36.918 38.166001 37.909 38.401001 38.347999 38.454 39.475001 39.839001 39.93 39.582001 40.409 39.176 37.170001 34.261 "Holiday"
"2023-07-24" 34.261 31.890998 30.490002 29.502999 29.247 30.677999 33.726001 39.001002 45.482 49.708001 53.732999 54.441999 52.517 54.688 55.026999 55.238 55.011 53.425 51.213999 49.766001 48.443 47.74 44.662999 41.868999 38.895001 "Working day"
"2023-07-25" 38.895001 36.388001 34.434 33.459 32.757 32.640001 34.846998 39.576001 45.158 48.284999 50.542999 52.188001 53.106 52.224 53.714999 53.759 53.363 52.582 50.162999 48.397 46.349 45.827001 42.956 40.264 36.813999 "Working day"
"2023-07-26" 36.813999 34.26 32.602999 31.763 31.352 32.127 34.078001 38.805 44.462001 47.82 49.056 48.559 47.836 47.090999 48.360999 49.822001 49.43 48.015 46.983 45.356 43.699 43.007 39.975 37.18 33.801001 "Working day"
"2023-07-27" 33.801001 31.661 30.286999 29.622 29.206001 30.261 32.392 37.933001 43.286 46.232 46.447 46.771 44.864001 44.641 45.384001 46.025 46.361001 46.407 45.422001 44.525001 43.124001 42.892002 40.470001 37.144 33.604001 "Working day"
"2023-07-28" 33.604001 31.618 30.381 29.448 29.030001 30.142 32.523 37.567999 42.595 45.871001 46.286999 46.056 45.954 44.428 45.771 45.878 46.54 46.574 45.815001 44.229 42.832 42.720001 39.771999 36.760001 33.683999 "Working day"
"2023-07-29" 33.683999 31.763 30.445999 29.583999 28.873001 28.939 28.74 30.981001 34.809 37.294 38.357001 39.167 39.055 38.166 37.719 37.275 38.06 39.043001 39.22 38.906999 37.816 37.844001 35.601 32.988 30.515001 "Holiday"
"2023-07-30" 30.515001 28.474 27.092999 26.218001 25.533 25.344 24.879999 25.888001 28.733001 31.131 32.626 32.685999 33.622 33.703999 32.708 33.651 33.418 34.212001 34.895999 35.596999 35.506 36.268 34.772 32.488999 30.071999 "Holiday"
"2023-07-31" 30.071999 28.053001 26.914999 26.225 26.176 27.253 30.431 35.926001 42.735999 46.440999 47.134 46.427999 46.229 45.946 46.661001 47.33 47.486001 47.97 46.794999 45.722001 44.105999 44.211001 41.153999 38.107999 35.471999 "Working day"
"2023-08-01" 35.471999 32.521 30.977999 30.127 29.858999 30.698999 33.075 38.243 44.085999 47.953001 48.231 48.998999 47.656 47.037 48.723 48.528999 47.634999 47.711 46.115001 45.425001 43.856001 43.251 40.332 37.225999 33.949 "Working day"
"2023-08-02" 33.949 32.038 30.594999 29.797 29.768999 30.228 32.595998 37.126 43.434 47.573 48.152 48.895 48.012999 47.507001 48.239 48.487001 48.095001 48.839 47.418001 45.907 44.316 43.720001 40.652 37.449 34.002999 "Working day"
"2023-08-03" 34.002999 31.507999 30.058 29.313 29.041999 29.875999 32.384001 36.752 42.643 46.193 46.648999 47.255001 46.880001 46.417999 46.629 47.565999 47.958 47.183999 46.213001 44.979999 43.455 43.146 39.841 36.821 33.642 "Working day"
"2023-08-04" 33.642 31.478 30.012 29.14 28.75 29.273999 31.217 35.340999 40.606001 43.160001 44.745001 44.206999 43.242999 42.099999 42.606 42.6 41.650001 41.303 40.5 40.439999 38.970999 38.208999 35.222999 32.863999 29.886999 "Working day"
"2023-08-05" 29.886999 28.001001 26.846001 25.883999 25.396 25.219001 25.479001 27.106 30.147999 31.936 30.589 30.792 30.788 30.367999 31.173001 30.172 30.573001 31.661 32.396999 32.708 32.341 32.529999 30.435001 28.14 25.963001 "Holiday"
"2023-08-06" 25.963001 24.144001 23.082999 22.544999 22.172 22.184999 21.805 22.653 25.274 27.374 28.242 28.687 29.381 29.212 28.495 28.826 28.931 29.606999 29.719999 30.039 30.250002 31.368 29.654999 27.627 24.976001 "Holiday"
"2023-08-07" 24.976001 23.654001 22.357 21.832001 21.710998 22.563 24.493 27.913001 32.312 35.701001 36.203 35.948 35.071999 34.566 34.591001 35.621999 35.408999 34.984001 35.61 35.426999 34.815 35.063 32.441001 29.704999 26.736998 "Working day"
"2023-08-08" 26.736998 25.019 23.836 23.293 22.975 23.687 25.561 28.501001 33.405999 36.33 36.122999 36.061999 36.364 36.387 36.251001 36.080001 36.492001 37.051 36.724 35.991001 35.325 35.331999 32.729999 29.990999 27.623 "Working day"
"2023-08-09" 27.623 25.666 24.369001 23.532 23.581999 24.19 26.099001 29.071 33.605999 37.324999 37.309 36.829 36.863 36.618 35.996 36.118 35.975001 37.1 36.865 36.475 35.940002 35.967001 33.511999 30.994 27.888001 "Working day"
"2023-08-10" 27.888001 26.156 24.931 24.185 24.012001 24.312 26.239001 29.06 33.429 36.281 36.878 36.800001 36.606002 35.82 36.103 35.942001 37.287 38.284001 37.957 37.319002 37.109 36.840001 34.16 31.716 28.297999 "Working day"
"2023-08-11" 28.297999 26.436999 25.157 24.662001 24.32 24.783999 26.498999 29.09 33.031 36.097 36.576999 36.615999 36.407 36.084001 35.796 35.883999 36.442 37.364001 37.046 36.406 36.127 35.83 33.442001 31.076998 28.014002 "Working day"
"2023-08-12" 28.014002 25.758999 24.496 23.778999 23.291999 23.554998 24.060001 25.112 27.835001 30.338001 30.772999 31.228 31.563999 31.301999 31.011 31.126999 31.922001 33.303 33.799 34.194 34.216 34.137001 31.729001 29.810999 27.202 "Holiday"
"2023-08-13" 27.202 25.35 23.658 23.192999 22.987 23.163 23.253 23.640001 26.499999 28.541 29.356 29.515999 29.971999 29.882002 29.693 29.644 30.375 31.582001 32.191001 32.684 33.404 34.183001 32.256999 30.126999 27.257001 "Holiday"
"2023-08-14" 27.257001 25.017001 23.995999 23.345 22.888999 23.263 24.176001 25.344001 28.446002 31.083 31.56 31.584 32.371 32.523 32.599 32.906 33.187001 33.924002 34.712 34.728001 34.794 34.658001 32.148 29.935999 27.363001 "Working day"
"2023-08-15" 27.363001 25.563 23.797001 23.341001 22.934001 23.059002 23.302999 23.535001 25.974001 28.156 28.954999 29.259001 29.680001 29.167999 28.776 28.613 29.503001 30.831 31.246 31.735001 32.619 33.575 31.777999 29.781 27.166 "Holiday"
"2023-08-16" 27.166 25.458 24.163999 23.336 22.726999 22.904 24.239 25.930999 29.621 32.759 33.429999 34.094 34.749 34.924001 35.221001 35.843999 36.255001 36.760999 35.697999 35.555 36.012 35.725 33.284 30.625 28.101999 "Working day"
"2023-08-17" 28.101999 26.041 24.847999 24.140002 23.818 24.560999 25.901001 27.287998 30.623 33.721 35.034 35.02 35.529001 36.173001 36.968999 36.116 35.886 36.793001 37.152 37.028 36.994999 36.696002 33.990999 31.504999 28.565001 "Working day"
"2023-08-18" 28.565001 26.587 25.232 24.457 24.157 24.504999 26.441 27.741002 31.507 34.538001 35.52 35.543 35.874999 36.298 36.768999 36.928 37.531002 37.433 37.811999 37.237 37.712999 37.357 34.582 32.035 29.568 "Working day"
"2023-08-19" 29.568 27.262 25.682 24.551001 23.994 24.163999 25.211001 25.536999 28.374999 30.888 31.973 32.299001 33.027 33.623999 34.139999 34.067999 34.779001 35.477001 36.3 36.797001 37.463 36.867001 34.358 31.72 29.088 "Holiday"
"2023-08-20" 29.088 27.001 25.673 24.851 24.471001 24.699 25.024 24.763 27.138998 29.883 31.403 32.27 33.511 34.124001 33.938002 34.078001 34.258001 34.950999 35.479 36.102 36.797 37.108 34.819 32.378999 29.901001 "Holiday"
"2023-08-21" 29.901001 27.203999 25.93 25.073001 24.796998 25.506001 28.295999 30.676999 35.527999 40.139 41.826001 42.844001 43.157001 44.071001 44.865001 45.227 45.68 45.792 44.867 43.848 43.648 42.903999 40.002 37.247 33.762 "Working day"
"2023-08-22" 33.762 31.600001 30.068 29.179999 28.562999 29.191 31.204999 33.4 37.909 42.42 44.166 45.113 45.951001 46.689 47.395999 47.780001 48.040001 48.229 47.131999 45.734 45.64 44.707999 41.286 37.968001 34.943999 "Working day"
"2023-08-23" 34.943999 33.049001 31.171 29.952999 29.657 29.811 32.472 34.871001 39.637001 43.979 45.569 46.539 47.342001 47.331 47.644999 48.253999 48.970001 49.007001 47.661 46.681001 46.982 45.377 41.973 38.828 35.979999 "Working day"
"2023-08-24" 35.979999 33.465001 31.873001 30.917001 30.281001 30.607 32.502 35.033 39.899999 44 45.887 47.3 47.961001 47.899001 48.548 49.032 49.13 49.434 48.282999 46.703 47.528001 46.453001 42.737999 39.576999 35.906 "Working day"
"2023-08-25" 35.906 33.336 31.599 30.694 30.096 30.638 33.216 35.743001 39.931 44.22 46.336 47.372999 47.701001 47.519 48.506 48.304 48.295 48.647001 47.56 46.712001 46.302999 44.621 41.649 38.745999 35.248999 "Working day"
"2023-08-26" 35.248999 32.905 31.452999 30.509999 29.951001 29.780999 30.469 30.885002 33.717999 37.175 38.982 39.628 39.272001 39.225 39.587 39.483 39.133 39.695 39.612001 39.452001 40.158001 38.943001 36.18 34.012 31.75 "Holiday"
"2023-08-27" 31.75 29.929 28.195 27.244999 26.651001 26.249 26.517001 26.307 28.610001 31 32.461002 32.675999 33.774999 34.045001 33.926999 33.092 33.327 32.966001 34.345 35.161 37.061999 36.212 34.223 31.992 29.427999 "Holiday"
"2023-08-28" 29.427999 27.930001 26.886999 26.321 26.059 27.344 31.529001 35.176999 40.609 43.851999 45.92 45.289 44.927001 43.802 44.846001 44.470999 45.308001 43.923 42.094 40.839999 41.714 39.669002 36.354 34.120999 31.128001 "Working day"
"2023-08-29" 31.128001 29.512001 28.393999 27.792999 27.811 28.738 31.887001 35.105 40.314999 42.558999 43.976999 43.562 43.342999 41.091 41.973001 42.099001 43.013 42.491999 41.362001 40.858001 41.382001 39.521 36.296 33.834999 31.037999 "Working day"
"2023-08-30" 31.037999 29.392 28.367 27.714001 27.579 28.379001 31.456001 35.299001 40.878 44.126001 45.299 45.215999 42.222 42.603999 43.603 43.353 43.472001 42.636 40.897999 40.706001 41.99 39.811 36.213001 33.611001 30.4 "Working day"
"2023-08-31" 30.4 28.966 27.723 27.454001 27.219999 28.040001 31.247001 34.413999 39.649 43.165001 42.877 42.91 42.29 41.233 42.078999 41.944 42.762999 42.575 41.426999 40.67 42.144 40.057 36.344001 33.741999 31.266999 "Working day"
"2023-09-01" 31.266999 29.530001 28.058 27.468 27.422 28.528 31.829001 35.487 41.018 44.850999 45.201 45.546 44.194 43.449 43.682 44.250999 44.227001 44.07 42.383 41.106999 42.208 39.763999 36.667 33.913999 31.290999 "Working day"
"2023-09-02" 31.290999 29.52 28.263999 27.527 27.061 27.388 28.522999 29.647001 32.637999 35.650999 36.884 36.338001 35.753 35.373 34.668999 34.911 35.023999 36.038999 35.916999 36.046 37.515 35.485002 32.923 30.919 28.034 "Holiday"
"2023-09-03" 28.034 26.238001 25.138001 24.391 24.082001 24.347999 24.939001 24.774999 26.963 30.075001 31.460001 31.908 32.107 31.369999 30.046001 30.2 30.561 30.552 30.578 31.786999 33.933 33.21 31.087 29.111 26.652999 "Holiday"
"2023-09-04" 26.652999 25.295 24.217 23.998 23.992999 25.542999 30.027 35.100001 40.987999 44.711999 45.049999 46.138 44.987001 44.032 43.929 45.006 45.725001 45.019001 43.116 42.266 43.381999 41.239001 37.439 34.251999 31.670001 "Working day"
"2023-09-05" 31.670001 30.08 29.142999 28.203999 27.874001 29.021 32.653 37.203 43.015999 46.224 46.538 45.394001 43.852002 44.007 44.511001 44.877999 45.09 44.144001 43.038001 41.979999 43.251001 40.931 37.440999 34.711 31.95 "Working day"
"2023-09-06" 31.95 30.522 29.032 28.308 28.258002 29.250999 32.656001 36.523001 42.652 46.025999 46.949001 46.024 44.390001 43.457 44.654999 44.391 44.708999 44.843999 43.770001 43.005 44.156999 41.496 37.956999 35.143999 32.511 "Working day"
"2023-09-07" 32.511 30.724999 29.442 29.057 28.981 29.927001 33.445 36.425999 42.025 45.171999 46.185 45.223001 43.979999 43.363001 44.401 44.516002 44.479999 44.228001 43.243001 42.581 44.180999 41.636999 37.856999 35.252 32.391001 "Working day"
"2023-09-08" 32.391001 30.273999 29.119001 28.709001 28.441001 28.900999 33.092999 36.929999 42.586001 45.485999 46.897 45.736999 44.914001 43.851 44.602002 45.493999 44.86 44.543 43.344 42.736 43.49 40.82 37.583001 34.575 31.938 "Working day"
"2023-09-09" 31.938 30.567001 28.578999 27.458001 27.126999 27.507 28.932 30.249001 33.396 36.396 37.442999 36.841 35.87 35.224 34.772 35.092999 34.628 35.999999 35.934999 36.337001 37.780999 35.504 33.103 31.018 28.503 "Holiday"
"2023-09-10" 28.503 27.144001 26.059001 24.938001 24.573 24.484001 25.178 24.883 26.982999 29.738 31.244 32.028001 32.767999 32.324999 31.665 31.454001 31.74 32.384999 32.495 33.305 35.746 34.235999 32.237 29.906 27.470001 "Holiday"
"2023-09-11" 27.470001 25.839999 24.899 24.329 24.261001 25.696999 30.367 35.25 41.716998 45.427999 46.036 46.331 44.961 44.249 45.525 46.88 47.121 46.451 44.686 43.606 44.475999 42.075001 38.315 35.466999 32.582 "Working day"
"2023-09-12" 32.582 30.617 29.417001 29.172 28.998 29.712999 33.526 38.017 43.408001 47.302999 47.725 47.978 45.420999 45.574 46.755001 46.997999 48.702 48.15 45.959 44.704001 45.742001 43.074001 39.489 36.575999 33.489999 "Working day"
"2023-09-13" 33.489999 31.552001 30.516 30.07 29.693001 30.940999 34.634999 39.336 44.629 47.641001 48.481 48.172001 46.649 45.947 46.686 47.329001 48.290999 46.742001 45.138001 44.722 45.723001 42.758 38.897999 36.399001 33.403999 "Working day"
"2023-09-14" 33.403999 31.033001 29.826001 29.187 29.397 30.321999 34.103001 38.906 43.896999 47.407999 47.496 48.173 46.853 44.162 45.745 46.653999 46.622999 47.148 44.412 43.932 45.216999 42.217 38.359 35.025 32.239998 "Working day"
"2023-09-15" 32.239998 30.167 28.963999 28.48 28.263002 29.443001 33.650001 38.18 42.904 46.362 47.826999 47.044 44.986 42.519 43.732 46.574001 46.408 44.958001 42.96 41.976001 43.252 40.532 37.288 34.399 31.368 "Working day"
"2023-09-16" 31.368 29.565999 28.567999 27.994999 27.647999 27.794001 28.938 30.701999 32.798 36.47 37.181001 36.108 34.597001 33.524999 33.531999 32.982 35.019999 35.322999 35.663 36.536 37.872 34.879 32.555 30.618 28.654 "Holiday"
"2023-09-17" 28.654 26.956999 26.126 25.383999 24.974 24.81 25.649 25.888 27.594001 31.302999 32.723001 32.511 32.523 32.373001 31.078001 32.276999 32.792 31.741 31.704999 33.084 35.421 33.940001 31.749 29.417999 26.88 "Holiday"
"2023-09-18" 26.88 25.334 24.561 24.204 24.104 25.756999 30.475 35.792 41.275001 45.057999 46.067001 46.287999 45.434999 43.412001 44.311999 45.704 45.664 45.104 42.825999 43.275999 43.567 40.561 37.191 34.257 31.323 "Working day"
"2023-09-19" 31.323 30.270999 29.22 28.588 28.614001 29.526001 33.164999 37.753 42.929001 46.458 46.929999 46.493 44.765001 43.954 45.789 46.662 47.051001 45.897 44.330999 44.425 45.165 42.32 38.203001 35.331 32.003 "Working day"
"2023-09-20" 32.003 30.040001 29.065001 28.357001 27.932001 28.985 33.267999 38.067 42.583 45.49 45.777001 46.895 44.187 43.672999 45.274 44.418 44.488001 43.855001 43.157998 43.52 44.306 41.015001 37.397 34.627001 31.503 "Working day"
"2023-09-21" 31.503 29.925 28.658999 27.861 27.789001 29.104999 32.947999 37.326001 42.489001 45.906999 46.111 45.427 44.919 41.495999 44.544 45.251999 46.672001 45.03 42.679 43.283 43.574 40.559999 36.939002 34.377002 31.705001 "Working day"
"2023-09-22" 31.705001 30.152001 29.018 28.337001 28.335 29.144 32.881 38.069001 43.078001 46.661 47.248 46.376 45.004999 44.179998 45.105 45.061001 43.868001 43.412 42.345 43.241999 43.137 40.371 36.836 34.265001 31.579 "Working day"
"2023-09-23" 31.579 29.787 28.280001 27.499 26.941002 27.185001 28.254001 30.442999 32.971 36.029 35.697999 36.217 35.756999 34.013 32.87 32.913 33.483001 33.444001 33.203 34.924 35.452 33.057001 30.561 28.757 26.714 "Holiday"
"2023-09-24" 26.714 24.737 23.745 23.033 23.08 22.967 23.700001 24.254 26.169 29.871999 31.913 30.768001 32.025 30.397 29.627 30.585999 30.506001 29.917 29.030999 30.702001 32.333001 30.754001 29.006999 26.702999 24.539999 "Holiday"
"2023-09-25" 24.539999 22.928999 22.177 22.105999 22.24 23.67 28.550001 34.410001 39.743999 43.943999 43.599001 43.640001 42.047 40.673 41.853999 42.118999 41.762 41.125001 39.747 40.754 41.445 38.526 34.802 31.778 29.173999 "Working day"
"2023-09-26" 29.173999 27.365001 26.499001 25.953 25.764999 26.816001 30.568001 35.785001 40.545001 44.301 44.466 43.805 42.334999 40.890999 41.342999 42.384999 42.754 42.443 40.538 41.695 42.163001 39.211 35.377 32.576 29.791 "Working day"
"2023-09-27" 29.791 28.252 27.206002 26.755 26.651999 27.637 31.234001 36.328 41.234 44.545999 45.210001 44.572999 42.787999 41.739999 42.625001 43.408 43.903001 43.054 41.473 42.764 42.745 39.719 35.788001 32.874 30.223 "Working day"
"2023-09-28" 30.223 28.242999 27.324 26.793001 26.939999 27.961 31.847001 36.658 41.371001 44.762999 44.821001 43.810999 41.891 41.23 41.33 42.676 43.701001 43.157001 41.199 42.434 42.259999 38.754001 35.281001 32.471999 30.372 "Working day"
"2023-09-29" 30.372 28.833999 27.408 27.087 27.043 28.089001 31.991999 36.978001 41.323 44.649001 44.498999 44.014999 41.682999 40.841 41.798001 42.303 43.015001 41.633 40.529 41.764 41.359 38.349 34.915 32.629999 29.977 "Working day"
"2023-09-30" 29.977 28.110001 26.929 26.338002 26.071 26.163 27.462 29.712 32.118 35.123 36.692001 35.633001 34.335 33.166 32.653 32.184001 32.822001 33.553 33.149 35.557 35.366001 32.727999 30.398001 28.637001 26.285 "Holiday"
"2023-10-01" 26.285 24.942 23.758001 23.061 22.633 23.147 23.846999 24.4 26.429 29.765 31.038 31.425999 31.541 30.049998 29.114001 29.238001 29.67 29.608 30.225 32.92 33.295999 31.759 29.535 27.273 25.048998 "Holiday"
"2023-10-02" 25.048998 23.657 22.897 22.776 22.760002 23.969 28.948001 34.925 39.641 43.318999 43.765 43.137001 41.755999 40.825999 41.924001 43.266 43.37 43.028001 40.851999 42.527999 41.917999 38.932999 35.101 32.270999 29.277001 "Working day"
"2023-10-03" 29.277001 27.505 26.523001 26.09 26.31 27.076 31.418001 36.898 40.65 44.139 44.120999 43.989 42.632999 41.542 42.541002 43.624 43.887 42.689 40.668 42.997 41.957 38.952 34.762999 31.758001 29.037999 "Working day"
"2023-10-04" 29.037999 27.678 26.389999 26.176001 26.021001 27.309001 31.180999 36.695001 41.101 44.524 45.582 45.096001 42.179 41.633001 42.194001 42.895001 43.847 42.800999 40.97 43.085 42.198999 39.371 35.311 32.319 29.849 "Working day"
"2023-10-05" 29.849 28.01 27.139999 26.782001 26.875001 27.639 31.508999 37.354 42.088999 44.177 44.089 43.313 41.414 39.944001 41.233 42.333 42.72 41.966 40.832999 43.496 42.327999 39.154001 34.982001 32.087 29.306 "Working day"
"2023-10-06" 29.306 27.291 26.490999 26.104999 25.911 26.781001 31.215 36.746 41.028999 44.266001 44.858 44.154001 42.252 41.335001 42.197999 42.884001 43.095999 41.503 39.839999 41.897 41.104 37.696999 34.242999 31.417 28.628999 "Working day"
"2023-10-07" 28.628999 27.112001 25.873001 25.064 24.727001 24.932 26.684 29.009002 31.554998 34.476999 35.109 34.508 33.611999 32.554 31.690999 31.392 31.442001 31.383 31.952 35.190999 34.859 32.151999 29.750001 27.939999 25.537 "Holiday"
"2023-10-08" 25.537 23.924 22.651999 22.187002 21.619999 21.519 22.45 23.568 25.169 28.566 30.097 30.276 30.983 29.643999 28.731 28.757 29.071 29.166 29.798 33.521001 33.050001 31.423 29.478 27.046001 24.720999 "Holiday"
"2023-10-09" 24.720999 23.340999 22.939 22.487 22.728001 23.848 28.628 34.235 39.407 42.796999 43.642 43.224999 41.627001 41.105001 41.898998 42.998 43.644 42.125999 39.807999 42.170001 41.229 38.180001 34.470001 31.668999 29.183 "Working day"
"2023-10-10" 29.183 27.523001 26.226 25.832001 25.752002 26.909999 30.591999 36.11 40.63 43.665001 43.736 43.728999 42.405 42.231 42.893999 44.386 44.537999 42.985 41.439 44.151 43.057001 39.828999 36.086001 33.032 30.221 "Working day"
"2023-10-11" 30.221 28.543 27.596 27.233 27.392001 28.205 32.081 38.009999 42.040001 44.482001 45.054 44.881 42.489 40.692999 42.169 43.925 44.084999 42.67 41.351 44.350001 42.862999 39.835 36.245999 33.247001 30.481 "Working day"
"2023-10-12" 30.481 28.515 27.062999 26.738 26.487 27.455999 31.901999 37.524 41.528999 43.951 43.856 43.623 42.285 41.472 41.927999 43.214999 43.533999 42.712999 40.766001 43.686 42.034 39.276 35.551 32.664 30.067 "Working day"
"2023-10-13" 30.067 27.970999 26.954 26.519999 26.275 27.277001 31.539 37.270999 41.597001 44.916999 44.958001 44.078999 42.719 41.320001 42.552001 43.133999 42.908 41.95 40.205001 43.092999 41.263001 38.584001 34.992001 32.099001 29.51 "Working day"
"2023-10-14" 29.51 27.756999 26.749 25.789001 25.469 25.855 27.078001 29.763999 31.769001 35.125001 35.824 35.476 34.346999 32.659999 32.197 32.059999 32.083 32.454 32.785 36.356999 34.962999 32.837 30.545001 28.436999 26.507 "Holiday"
"2023-10-15" 26.507 24.644001 23.544001 22.654999 22.639 22.791 23.895 24.799 25.913999 28.854001 31.139 30.788 31.173 30.884999 29.116001 29.591998 28.507999 28.87 29.586999 33.883 33.295001 31.656 29.511001 27.272999 24.846999 "Holiday"
"2023-10-16" 24.846999 23.407 22.645999 22.450999 22.865 24.330999 29.227999 35.559 39.917999 42.514 42.767 42.364998 41.260999 40.166 39.312001 40.319 40.536999 39.937 39.551 42.268 40.698002 38.03 34.450001 31.676 28.829001 "Working day"
"2023-10-17" 28.829001 27 26.017999 25.980999 25.861999 26.948 30.974 37.702001 41.614001 43.617 42.704 43.224001 41.7 41.461999 42.009001 42.065 42.432 41.026 40.307999 43.407998 41.72 39.173 35.504001 32.612001 29.462001 "Working day"
"2023-10-18" 29.462001 27.762001 26.577 25.830999 25.917001 27.181 31.486999 37.727 42.055 43.666001 44.154 43.980001 42.205 41.309999 42.718998 42.699 42.910999 42.089999 41.353998 43.670999 42.143 39.323999 35.549001 32.368001 29.118 "Working day"
"2023-10-19" 29.118 27.293 26.320999 25.844999 25.615 26.775001 31.022999 37.240001 42.112001 44.699001 44.909999 45.111001 43.351 43.23 43.065 42.882001 43.339001 42.482 41.533999 43.896 42.437 39.404999 35.298 32.27 29.112 "Working day"
"2023-10-20" 29.112 27.104999 26.095 25.595001 25.775001 26.883999 31.075999 37.408001 41.933999 44.832 45.12 45.319001 43.968 42.185 42.011001 43.168 41.922001 41.306 40.82 43.123999 41.454001 38.743001 35.373999 32.683001 29.81 "Working day"
"2023-10-21" 29.81 27.777001 26.438 25.446 25.05 25.741001 27.198001 30.406 32.439001 34.825999 36.679001 36.400999 35.772999 34.601999 34.321999 32.615 30.99 31.744 32.847 36.299 34.996001 32.183998 29.791 27.582 25.377999 "Holiday"
"2023-10-22" 25.377999 24.009 22.863 21.648998 21.697 21.789 22.899 24.210999 25.114001 28.439 30.987001 30.297 30.892999 30.266 28.364999 28.281999 27.609999 27.612 28.808001 32.528999 32.113001 30.864 28.665999 26.728 24.023999 "Holiday"
"2023-10-23" 24.023999 22.392 21.804 21.493999 21.460999 22.979 28.262999 35.266001 39.87 43.115001 41.926999 42.832999 41.237001 40.985 41.723001 42.547001 42.882 41.255001 40.741 43.072 41.455001 38.970999 35.012 32.185 29.355 "Working day"
"2023-10-24" 29.355 27.571999 26.65 26.194999 26.219999 27.253001 31.604 37.643 42.476999 44.611 44.766001 44.608 42.885001 41.39 41.983999 43.499 43.611001 42.666002 42.518001 44.506 42.674999 40.369 36.404999 33.391 30.156 "Working day"
"2023-10-25" 30.156 27.992999 27.292 26.926999 26.523 27.739 31.940999 38.456999 42.711999 44.819 44.822 44.925001 42.967001 42.488 41.259001 40.977 42.426001 41.925 41.504 44.395001 42.709 40.346001 36.071001 32.817 29.766 "Working day"
"2023-10-26" 29.766 27.993 26.868 26.496999 26.624 27.684 31.938001 38.359 42.671 44.975 45.279999 43.704001 42.232 41.55 42.734 43.453 43.515999 42.18 42.157 44.377001 42.801 40.191999 36.761001 33.197 30.196 "Working day"
"2023-10-27" 30.196 28.23 27.068001 26.733999 26.798 27.828001 31.583 37.594 41.814 44.96 44.754001 44.151001 43.260999 41.366 42.693001 42.530001 41.925 40.457 40.636 43.435001 41.776001 38.858999 35.424999 32.122 29.454001 "Working day"
"2023-10-28" 29.454001 27.539 26.341001 25.395999 25.281001 25.703001 27.242001 30.589001 32.358 35.109998 36.643 36.04 35.577 33.936001 32.893 33.289999 32.458001 32.175001 33.215001 36.669 35.746001 33.472001 30.760001 28.642001 26.009999 "Holiday"
"2023-10-29" 26.009999 24.112001 22.882 21.991 22.092999 22.494999 23.46 24.45 27.015 29.939 29.456 29.696001 30.656999 30.892 29.964 30.356 30.15 31.245001 33.095999 33.937 32.989 31.207999 29.210001 26.998 23.545001 "Holiday"
"2023-10-30" 23.545001 22.008001 21.615999 21.443 21.765 23.159 28.381001 34.079 39.48 41.772 41.857999 42.594 41.442999 40.829001 41.801001 42.123999 42.303 42.297 42.337999 42.074999 39.951 37.854 34.247999 31.362999 28.549 "Working day"
"2023-10-31" 28.549 26.765 25.754999 25.198 25.226 26.332 29.900001 34.649999 39.959001 42.976 42.070999 44.414999 41.129 41.25 41.939 41.213001 40.287 40.419 41.090001 40.484001 38.978 36.146001 32.497001 29.963 26.158 "Working day"
"2023-11-01" 26.158 24.728 23.783001 23.114 22.702 23.089 23.530999 23.742001 25.44 26.796 27.877 28.206 29.390001 28.933 28.348 27.565 27.618001 29.586 31.639 32.398 31.379 29.526001 27.458001 25.155 23.791 "Holiday"
"2023-11-02" 23.791 22.46 21.52 21.286 21.427999 23.121001 27.850999 32.851 38.596001 41.257999 41.784 42.058001 40.834999 40.286999 40.745 41.564999 41.143998 41.171 41.405 41.152 39.546001 37.231001 33.947999 31.060001 28.688999 "Working day"
"2023-11-03" 28.688999 27.063999 26.001 25.506 25.661999 26.619 29.865999 34.494998 39.940999 42.588999 42.171 42.747 43.383 41.577999 40.794999 40.757001 39.369999 40.449 40.968 40.882 39.399 36.66 33.721999 31.000999 27.854001 "Working day"
"2023-11-04" 27.854001 26.462998 25.475 24.707 24.554 25.052 26.523999 28.810999 32.409999 35.275999 36.22 34.368999 33.954 33.093001 33.377 32.507 31.077001 33.118 35.044 35.512999 34.449 31.908999 29.385 27.357999 25 "Holiday"
"2023-11-05" 25 23.243999 22.28 22.052 21.739 21.947 22.919999 23.357999 25.447001 29.411999 30.895 32.249002 32.166999 31.288999 29.68 29.105 27.729999 29.310998 31.496999 32.608999 32.136 30.678 28.730999 26.77 24.123999 "Holiday"
"2023-11-06" 24.123999 22.633 22.003998 21.702999 22.133 23.824 28.918 34.595 40.588 43.219999 43.188999 42.694999 41.377 40.032999 41.801001 42.603 41.509001 42.425999 42.689001 42.244 40.627001 37.673999 34.321 31.417001 28.702 "Working day"
"2023-11-07" 28.702 26.980998 25.778999 25.623 25.717999 26.746001 31.114 36.323 41.132 43.558001 43.137001 44.469001 42.945 41.978 42.669998 43.059 42.163 43.339999 43.239 42.796998 41.784999 39.121 35.382 32.187999 29.039 "Working day"
"2023-11-08" 29.039 27.403001 26.501 26.182001 26.329999 27.511999 31.902999 37.051001 41.615 43.460001 43.294 43.515998 41.895 41.287001 42.644999 43.393 41.919 43.166 43.158999 43.031 41.518001 38.869 35.533 32.328999 29.237 "Working day"
"2023-11-09" 29.237 27.139999 26.108999 25.603999 25.883999 27.026 31.516001 36.914999 41.634999 43.855001 44.202 43.802 43.038 41.187998 41.932001 43.244999 43.123999 44.336 43.615999 43.404999 41.691001 39.145 35.302 32.281 29.523 "Working day"
"2023-11-10" 29.523 27.744 26.544999 26.433 26.133 27.485 31.679 36.857 41.569 44.683 44.799 43.855 41.869 40.642 40.998 41.975 41.934 43.363001 43.558999 43.149001 41.533999 38.598 35.3 32.534001 29.397999 "Working day"
"2023-11-11" 29.397999 27.693 26.516999 26.103001 25.683001 26.219001 27.832 30.419001 33.935999 37.159999 37.599 36.956 35.371 34.022999 32.913 32.53 31.775 34.716 36.465001 37.229001 36.032001 33.19 30.958001 28.685999 26.586 "Holiday"
"2023-11-12" 26.586 25 23.475001 22.694 22.288 22.694 23.787 24.663999 26.427999 28.633999 30.418001 31.555 32.864999 31.197001 29.341999 29.447999 29.466 31.77 33.424 34.703 34.339 32.550999 30.366001 28.058 25.070001 "Holiday"
"2023-11-13" 25.070001 23.318999 22.549 21.864999 22.392 24.205 29.635 35.911001 41.514001 43.754999 44.246998 43.815 42.147 41.493 42.217001 42.696 42.587999 44.219 43.531 43.161999 41.424001 38.637001 34.879 31.776 28.447 "Working day"
"2023-11-14" 28.447 26.542 25.523 25.246 25.337001 26.773001 31.467 37.520001 42.643 45.624 45.711999 45.118001 43.967 42.590001 43.821 44.511 44.025002 45.125 44.520999 44.079 42.435001 39.045999 35.088 31.924001 29.061001 "Working day"
"2023-11-15" 29.061001 26.894 26.013 25.55 25.761999 27.119001 31.234 37.282999 41.831 43.481 43.049 42.965001 41.01 41.271 42.782999 41.870001 41.865999 43.517 43.290999 43.231999 41.375 38.785 34.639001 31.429 28.603001 "Working day"
"2023-11-16" 28.603001 27.047999 25.839999 25.537 25.439001 26.856 31.341 37.029001 41.53 43.348999 42.17 42.623 40.999 40.657001 40.949 41.956 42.257999 43.856 43.074 42.617001 41.119 38.27 34.294999 31.205 28.648999 "Working day"
"2023-11-17" 28.648999 26.891001 25.840001 25.262 25.368999 26.494999 30.520999 36.262 41.051999 43.331 43.076 42.521999 41.411001 40.167 41.606999 41.511001 41.065 42.75 42.539999 42.553999 40.474 37.680001 34.193001 31.179 27.57 "Working day"
"2023-11-18" 27.57 25.709 24.716 24.177 23.92 24.273 26.203999 29.231999 32.008998 34.862 35.258 34.156 33.226999 31.993001 31.375 31.296 30.668001 33.567 34.386 35.485999 33.772 31.493001 28.917999 26.707999 24.728999 "Holiday"
"2023-11-19" 24.728999 23.085001 21.98 21.437001 21.209 21.67 23.008999 23.979 25.567001 28.303 30.385999 30.579 30.263999 29.332 28.057001 27.885 27.575 30.38 32.141001 33.030001 32.483 30.713001 28.329 25.8 23.766999 "Holiday"
"2023-11-20" 23.766999 22.288 21.578 21.346999 21.601 23.093999 28.834001 35.739001 40.916999 42.995999 42.674001 42.076 40.5 39.815001 42.220001 42.583 42.289 43.517999 42.948 42.488001 41.295 38.01 34.146998 30.667 27.739 "Working day"
"2023-11-21" 27.739 25.477999 24.575999 24.499 24.479999 25.548001 30.333 36.884999 41.377 43.683 43.254001 43.567 41.718 41.200001 42.683 43.286999 43.408 44.874 44.07 44.032 41.674001 38.341 34.389 31.298999 28.352999 "Working day"
"2023-11-22" 28.352999 26.520999 25.577 25.384 25.497 26.546999 31.239 38.113 42.568 44.243999 43.829 43.003 41.337001 40.990002 42.763 42.454999 42.866001 44.894 44.103 44.047 42.629 39.646 35.418 31.878998 28.912999 "Working day"
"2023-11-23" 28.912999 26.888999 25.781001 25.700999 25.799001 27.010001 31.568999 38.049 42.472 44.425001 45.477 44.812 42.520999 41.842 42.578 42.502 42.321999 44.051 43.736 43.700999 42.009001 39.036 35.149001 31.584999 28.477 "Working day"
"2023-11-24" 28.477 26.557001 25.21 24.905999 25.082001 26.164999 30.618001 37.217999 41.768999 44.056999 43.866 43.008999 41.45 40.523 40.96 40.722999 40.440999 42.291999 41.958 41.526001 39.802001 36.838 32.855999 30.170999 27.295 "Working day"
"2023-11-25" 27.295 25.220001 23.959001 23.41 23.305001 23.985001 26.243 29.463 32.329 35.036 37.101 36.394 35.574 34.673001 33.876 32.37 31.728 34.859 36.191001 37.304998 35.965001 32.969 30.557 27.997 25.656 "Holiday"
"2023-11-26" 25.656 23.825 22.639999 22.171002 22.043 22.377 23.344 24.797999 27.169 30.081001 31.477 31.148999 31.184 30.785 29.717 29.228999 28.428999 31.797001 33.216999 34.467 34.089002 32.306001 29.672 27.106001 24.804999 "Holiday"
"2023-11-27" 24.804999 23.19 22.363999 22.103 22.619 24.357 30.198 38.301 43.699999 46.723 47.136999 46.805 46.210999 45.76 47.063999 46.936 47.073 48.476999 46.975001 46.263 44.707 41.533001 37.16 33.328001 30.244999 "Working day"
"2023-11-28" 30.244999 28.349999 26.789 26.404 26.387 27.992 33.664 41.154001 45.895 48.419999 48.43 47.602 46.309 45.659999 46.220999 46.389001 46.81 48.328 47.788999 47.42 45.703001 42.867 38.398 34.062 30.865002 "Working day"
"2023-11-29" 30.865002 28.725 27.378999 27.028 27.365999 28.799999 33.871999 41.334001 46.221 48.687 48.906001 47.856 46.194 45.45 45.967999 46.24 46.713001 48.417 47.408 46.874999 45.267999 42.123999 37.169001 33.950001 29.624999 "Working day"
"2023-11-30" 29.624999 27.491999 26.287 25.754 26.021999 27.406 32.55 39.55 44.993999 47.485999 47.827 47.397 45.218 44.362001 45.104002 45.872002 45.774001 46.738999 45.486 44.988999 43.126999 40.250001 36.304 33.058 30.070001 "Working day"
"2023-12-01" 30.070001 28.300999 27.059999 26.38 26.411998 27.746999 32.524001 39.343999 44.234 46.811999 46.970999 46.845 45.517001 44.413 44.564999 44.794 44.451999 45.486001 44.338 44.315 42.409999 39.216 35.376 32.331 29.072999 "Working day"
"2023-12-02" 29.072999 26.808 25.481 24.865999 24.688 25.352001 27.491 30.684001 33.195001 36.290999 38.146001 37.570001 37.654 34.683 33.597 32.755999 32.879999 35.834001 36.746 37.443999 36.299001 33.34 30.742999 28.617 26.264999 "Holiday"
"2023-12-03" 26.264999 24.754 23.497999 22.469999 22.465 23.068999 24.051 25.560001 27.287 30.731 33.313999 33.352 33.310001 32.693999 30.515999 30.028 29.535 32.894 33.957999 35.108 35.039 33.23 31.052 28.603 25.439001 "Holiday"
"2023-12-04" 25.439001 24.340999 23.351 22.784 22.998998 25.126999 31.274999 38.858001 44.802999 48.172001 47.926 47.455 46.287 45.583999 47.363 47.866999 47.517 48.586999 46.988999 46.546 45.169 41.999001 37.487999 33.964 30.648999 "Working day"
"2023-12-05" 30.648999 28.652 27.68 27.166999 27.152999 28.757 34.033 41.124 45.995 48.64 49.069001 49.231 46.895001 46.035 46.809 47.502999 47.179 48.511 47.399999 47.199 45.418999 42.573001 38.576 34.945 31.778 "Working day"
"2023-12-06" 31.778 29.240001 27.770001 27.448999 27.619 29.075 34.336 42.150999 46.851 49.700999 50.004001 49.515 47.899999 46.875 46.938999 47.214001 47.506 49.321 48.189001 47.960999 46.216 43.190999 38.88 35.173001 31.733001 "Working day"
"2023-12-07" 31.733001 29.637 28.389 27.688 27.643 28.991999 34.103 41.021 46.022 49.275 48.194999 48.11 46.094 45.244 45.962999 45.965002 45.772 47.738001 46.544999 46.012999 44.205999 41.385 37.304 34.048 30.812001 "Working day"
"2023-12-08" 30.812001 28.262 26.958 25.805001 25.198999 25.605999 26.730999 29.056 31.198 33.869001 34.894 34.548001 34.660999 34.067 32.860001 33.420001 33.92 36.715999 37.075999 37.638 36.684 34.709001 32.262 29.675 26.505 "Holiday"
"2023-12-09" 26.505 24.59 23.122001 22.483 22.316 23.262998 25.705 28.896002 32.009 35.371 36.212 35.787999 35.984 34.762 34.222 33.681 33.805 36.771 37.675999 38.371001 37.144 34.573 31.733001 29.155 26.815 "Holiday"
"2023-12-10" 26.815 24.925001 23.528 22.445 22.036999 22.204999 23.641 25.463001 26.913 30.417001 32.305 31.888 32.438 31.985 31.395999 31.144 30.346001 33.502 34.926999 36.171998 35.74 34.174001 31.805 28.929001 26.164 "Holiday"
"2023-12-11" 26.164 24.441 23.631999 22.977999 23.302 25.266001 31.568 39.48 45.117999 48.097 47.636 47.059 45.422 44.479001 45.839 47.258 47.315 48.823 47.357 46.946001 45.318 42.313999 38.422001 34.602999 30.763 "Working day"
"2023-12-12" 30.763 28.574 27.135001 26.950001 26.931999 28.206 33.512999 40.803 45.581999 48.117001 47.658999 47.465 45.725 44.390001 46.479999 46.97 47.142 48.423001 47.154 46.812001 44.804 42.135001 37.783 33.968 30.955999 "Working day"
"2023-12-13" 30.955999 28.63 27.411001 26.756001 26.874 28.397 33.519 40.63 45.952999 48.886 48.705001 48.831 47.483998 46.080001 46.274001 46.973001 47.124 48.041002 46.627 46.124999 44.297002 41.658999 37.7 33.763999 30.267 "Working day"
"2023-12-14" 30.267 27.971 26.945999 26.433 26.184 27.573 32.864999 39.88 44.759001 47.536 47.54 46.795001 45.094001 43.973999 45.272001 45.333001 45.483 47.423999 46.211001 45.976 44.359 41.312 37.492001 33.566001 30.279 "Working day"
"2023-12-15" 30.279 28.065 26.769 26.046 26.324001 27.608 32.776 40.213 44.547 46.870999 47.037 46.391 44.113999 42.961001 43.816 44.127001 44.556 46.496 45.650002 45.310999 43.378 40.046 35.917 32.784999 29.490999 "Working day"
"2023-12-16" 29.490999 27.047001 25.839001 24.914998 24.826999 25.245 27.399 31.081999 34.229 37.659 37.686 37.162998 35.990999 35.618999 34.008999 33.527 33.483999 37.307999 38.305002 38.881001 37.762001 34.967999 32.341999 29.819001 26.986001 "Holiday"
"2023-12-17" 26.986001 25.060001 23.726999 22.552001 22.262 22.952 24.100001 25.55 27.497002 31.139 32.551 32.000001 31.892001 30.939 29.973001 29.825999 29.761999 33.023999 34.208999 35.398 34.959999 33.307001 30.902 28.195 25.223 "Holiday"
"2023-12-18" 25.223 23.350999 22.418 22.107 22.144001 23.989 29.561 37.736 43.481 46.509999 46.778 45.923001 43.884 42.675999 43.506 44.537 44.458 46.245001 44.987001 44.943999 42.998999 40.015999 35.648999 31.911 29.175 "Working day"
"2023-12-19" 29.175 26.977 25.773999 25.503001 25.601001 27.302999 31.928 39.476999 44.679001 47.827 46.737 46.173 44.425999 43.288 43.620999 44.128999 44.2 46.16 45.068999 45.001 43.288 40.363999 36.259999 32.688001 29.047 "Working day"
"2023-12-20" 29.047 27.089001 25.913 25.391001 25.351001 26.66 31.113001 38.545 43.584001 46.458999 45.963001 44.795 43.12 42.123 42.615001 43.675001 43.797 45.56 44.84 44.334 42.724 39.697 35.855998 32.262 28.518999 "Working day"
"2023-12-21" 28.518999 26.367 25.289 24.933 24.996 25.991001 30.657 37.906 42.551 44.92 44.780999 44.010001 41.905001 40.931999 41.810999 42.094 41.961 43.617 42.728 42.282 40.300999 37.361 33.784999 30.102999 26.978998 "Working day"
"2023-12-22" 26.978998 24.652 23.592999 23.242001 23.489999 24.445 28.199001 34.34 38.678999 41.055 40.699 39.082 35.913999 35.662 35.553 36.269 35.567999 38.002999 38.153001 38.230001 36.217001 33.590001 30.373001 27.520001 24.733001 "Working day"
"2023-12-23" 24.733001 22.619001 21.359 20.92 20.61 20.989 22.712001 25.191 27.417 29.974 30.452999 29.963001 29.527001 28.692 28.186001 27.883001 27.905001 30.720001 32.174 32.935 31.879 29.481001 27.127001 24.910999 22.646999 "Holiday"
"2023-12-24" 22.646999 20.914999 19.600001 19.093999 18.979 19.403 20.443 22.216999 23.498 26.209999 26.844 27.394 27.52 26.498 25.991999 26.067001 26.185 29.242001 30.335001 30.329001 28.704 26.479001 24.844 23.324999 21.835 "Holiday"
"2023-12-25" 21.835 20.657 19.332 18.497001 18.107 18.359 19.405 20.685999 21.501 24.047001 25.752 26.777001 27.367 25.158 22.664 22.239 22.511999 25.217 26.176999 26.590999 26.469001 25.750998 24.441 22.654999 20.923 "Holiday"
"2023-12-26" 20.923 19.156001 18.180002 17.648 17.625999 18.066999 19.512 20.942 21.977999 24.227 25.948 26.716001 27.876 26.691 25.449999 24.550999 24.563 27.216 28.412001 29.161001 28.865999 27.655 25.779 23.398999 21.685 "Holiday"
"2023-12-27" 21.685 19.723 18.836 18.384 18.459 19.524001 22.772999 26.96 30.677001 33.801001 34.274999 33.764 32.892 31.933 32.517001 33.613 33.464 35.673 35.975 36.113001 34.647002 32.146999 29.044 26.019 23.158999 "Working day"
"2023-12-28" 23.158999 21.259001 20.085 19.662 19.627 20.618999 23.666001 27.621999 31.179999 34.103999 34.196 34.013001 34.392999 33.719 33.361 33.531 33.846 36.305 36.175999 36.213 34.765999 32.186 29.002999 25.709001 22.783 "Working day"
"2023-12-29" 22.783 20.807001 19.813999 19.364999 19.351001 20.237 22.792 26.339 29.453 32.417999 32.906001 32.615 32.577 31.874 31.798999 31.834001 31.946001 34.287 34.664 34.8 33.16 30.876999 28.225001 25.329999 22.629 "Working day"
"2023-12-30" 22.629 20.789999 19.718999 19.234 19.138 19.780001 21.512001 24.08 26.029999 28.430001 28.055001 27.918999 27.668001 27.418 27.586001 27.979999 28.876998 32.021999 33.344001 34.088999 32.942002 30.398 28.059 25.597001 22.839 "Holiday"
"2023-12-31" 22.839 20.894 19.588 18.843 18.510999 18.823 20.091002 21.586 22.697999 24.868 26.773001 27.288 28.110001 27.528 27.304001 27.668 27.831 30.711999 31.93 31.78 30.074 27.463001 25.641999 24.129 22.508 "Holiday"
